#FEM Config File
#Quantities
#Nodes/Elements/Materials/Degs of Contraint/Point Loads/Body Forces
63 90 1 10 3 0
#Node List - x,y
0.0 0.0
0.0 3.0
2.0 0.0
2.0 2.0
2.1 0.9
2.1 1.3
2.1 2.0
2.1078 1.4025
2.1677 1.4923
2.2011 1.9356
2.2381 1.545
2.261 1.8089
2.2768 1.5767
2.2874 1.6559
2.2962 1.728
3.85 0.8949
5.0 0.0
5.0 3.0
3.5 1.5
3.5 2.0
4.0 1.5
4.0 2.0
2.5 3.0
2.3136453550349687 1.4922455760298652
2.4196134100322153 1.6763500276243621
2.36288573360396 1.605487767977248
2.409475569722093 1.8253946236615284
1.25 3.0
2.257734650820761 1.3395435582790056
2.975 0.8974500000000001
2.260926277609734 2.1410770445084486
2.5375 0.898725
2.5168688096556178 1.5403563767536566
2.6787594422541887 1.7688439198232333
2.05 2.177272413359522
2.453579829051819 1.3544229602480602
2.814832974035 1.3351957651938648
1.710744914616908 2.1772724133595216
2.233963387761062 1.1
2.610397890548255 2.1127340637050147
2.0 1.0
1.875 3.0
3.050785313516694 2.0215383741006656
2.2196275426915455 2.533088831662165
1.8803724573084535 2.4764798449167302
1.4066564785669158 2.5473536936308654
3.75 3.0
3.125 3.0
1.1446537908139667 2.022098936377357
0.0 1.5
5.0 1.5
3.75 2.46875
3.2945636069871647 2.410607742940179
5.0 2.25
4.375 3.0
4.425 0.4474500000000001
4.5 1.75
4.29644495412844 2.4591456422018347
1.5610544101956552 1.6083979663691181
0.7185236951514969 2.562629432634367
0.8009723648060281 1.259765353120319
5.0 0.75
4.5 1.125
#Elem List - material/type/n of nodes/list of nodes
0 0 3 48 37 45
0 0 3 35 32 23
0 0 3 7 5 28
0 0 3 8 23 10
0 0 3 34 3 6
0 0 3 39 42 52
0 0 3 8 28 23
0 0 3 22 41 43
0 0 3 30 6 9
0 0 3 37 58 3
0 0 3 23 32 25
0 0 3 34 6 30
0 0 3 28 5 38
0 0 3 28 8 7
0 0 3 24 14 13
0 0 3 12 23 25
0 0 3 25 32 24
0 0 3 34 30 43
0 0 3 29 36 31
0 0 3 26 33 39
0 0 3 24 13 25
0 0 3 23 12 10
0 0 3 51 21 57
0 0 3 38 5 4
0 0 3 55 16 61
0 0 3 15 20 18
0 0 3 18 19 42
0 0 3 38 35 28
0 0 3 4 31 38
0 0 3 33 26 24
0 0 3 12 25 13
0 0 3 24 26 14
0 0 3 57 54 46
0 0 3 11 26 9
0 0 3 20 56 21
0 0 3 43 39 22
0 0 3 35 23 28
0 0 3 14 26 11
0 0 3 29 15 18
0 0 3 26 30 9
0 0 3 42 36 18
0 0 3 39 30 26
0 0 3 36 32 35
0 0 3 24 32 33
0 0 3 42 19 52
0 0 3 60 2 40
0 0 3 30 39 43
0 0 3 18 36 29
0 0 3 35 31 36
0 0 3 33 32 36
0 0 3 45 27 59
0 0 3 45 37 44
0 0 3 35 38 31
0 0 3 42 39 33
0 0 3 45 44 41
0 0 3 37 3 34
0 0 3 48 58 37
0 0 3 42 33 36
0 0 3 34 44 37
0 0 3 46 47 52
0 0 3 43 41 44
0 0 3 44 34 43
0 0 3 45 41 27
0 0 3 27 1 59
0 0 3 59 49 48
0 0 3 52 19 51
0 0 3 21 51 19
0 0 3 52 22 39
0 0 3 58 48 60
0 0 3 58 60 40
0 0 3 45 59 48
0 0 3 60 48 49
0 0 3 56 53 57
0 0 3 62 15 55
0 0 3 46 52 51
0 0 3 52 47 22
0 0 3 17 54 57
0 0 3 55 61 62
0 0 3 50 53 56
0 0 3 57 46 51
0 0 3 50 62 61
0 0 3 56 20 62
0 0 3 56 57 21
0 0 3 17 57 53
0 0 3 40 3 58
0 0 3 49 0 60
0 0 3 49 59 1
0 0 3 60 0 2
0 0 3 15 62 20
0 0 3 56 62 50
#Material List - E/nu/rho
100000000000.0 0.3 1000
#Constrained Dofs List - Node id / dof -1 if all dofs constrained on node
0 0
2 -1
4 -1
8 -1
15 -1
16 -1
29 -1
31 -1
40 -1
55 -1
#Applied Point Loads List - Node id / dof / value
3 1 -100
5 1 -100
7 1 -100
#Applied Body Forces List - Direction / value
#Thickness (Plane Stress) - value - if zero: Plane Strain 
0.5
