#FEM Config File
#Quantities
#Nodes/Elements/Materials/Degs of Contraint/Point Loads/Surface Forces/Body Forces
775 340 1 2 0 12 0
#Node List - x,y
0.0 0.0
0.0556 0.0
0.1111 0.0
0.1667 0.0
0.2222 0.0
0.2778 0.0
0.3333 0.0
0.3889 0.0
0.4444 0.0
0.5 0.0
0.5556 0.0
0.6111 0.0
0.6667 0.0
0.7222 0.0
0.7778 0.0
0.8333 0.0
0.8889 0.0
0.9444 0.0
1.0 0.0
1.0 0.0556
1.0 0.1111
1.0 0.1667
1.0 0.2222
1.0 0.2778
1.0 0.3333
1.0 0.3889
1.0 0.4444
1.0 0.5
1.0 0.5556
1.0 0.6111
1.0 0.6667
1.0 0.7222
1.0 0.7778
1.0 0.8333
1.0 0.8889
1.0 0.9444
1.0 1.0
0.9444 1.0
0.8889 1.0
0.8333 1.0
0.7778 1.0
0.7222 1.0
0.6667 1.0
0.6111 1.0
0.5556 1.0
0.5 1.0
0.4444 1.0
0.3889 1.0
0.3333 1.0
0.2778 1.0
0.2222 1.0
0.1667 1.0
0.1111 1.0
0.0556 1.0
0.0 1.0
0.0 0.9444
0.0 0.8889
0.0 0.8333
0.0 0.7778
0.0 0.7222
0.0 0.6667
0.0 0.6111
0.0 0.5556
0.0 0.5
0.0 0.4444
0.0 0.3889
0.0 0.3333
0.0 0.2778
0.0 0.2222
0.0 0.1667
0.0 0.1111
0.0 0.0556
0.15 0.75
0.1752 0.7067
0.2003 0.6634
0.2503 0.6637
0.3002 0.664
0.3251 0.707
0.35 0.75
0.3251 0.793
0.3002 0.836
0.2503 0.8363
0.2003 0.8366
0.1752 0.7933
0.5 0.4
0.5252 0.3567
0.5503 0.3134
0.6003 0.3137
0.6502 0.314
0.6751 0.357
0.7 0.4
0.6751 0.443
0.6502 0.486
0.6003 0.4863
0.5503 0.4866
0.5252 0.4433
0.22583181724007853 0.5749137933202391
0.3888771377445942 0.6413591690734791
0.11099104501532708 0.64055462424676
0.08800285496197417 0.8150645047334469
0.27573118842394667 0.9161876745164415
0.4137771377445944 0.8156408309265208
0.5758318172400785 0.22491379332023925
0.46099104501532706 0.29055462424676004
0.7637771377445944 0.33435916907347923
0.7637771377445943 0.4656408309265208
0.27557994844817646 0.6089685747866717
0.43584104501532706 0.4663226481665995
0.5758318172400785 0.5750862066797607
0.38475973882588 0.7011622675171068
0.11516285858260603 0.7007422410226714
0.14104650240028604 0.8420229281698111
0.2256102080940081 0.888151349001358
0.35985973882588007 0.8418377324828934
0.6255799484481763 0.2589685747866718
0.46516285858260603 0.35074224102267143
0.7098597388258802 0.30816226751710657
0.70985973882588 0.49183773248289336
0.49022978283445284 0.49249636145162207
0.6255799484481763 0.5410314252133283
0.08335 0.08335000000000001
0.08334999999999998 0.91665
0.8611 0.09856346182789405
0.80555 0.9016138105854654
0.91665 0.91665
0.09856346182789405 0.4722
0.05202631371475737 0.6388999999999999
0.063663004242923 0.75
0.05165133170863188 0.8611
0.5278 0.9014365381721059
0.4722 0.09856346182789405
0.6389 0.09856346182789405
0.30555 0.09838618941453454
0.9016138105854654 0.30555
0.9014365381721059 0.4722
0.9014365381721059 0.6389
0.3110756158139837 0.5037514712595987
0.4928328341600264 0.6785597307261365
0.40975737138073215 0.7557428719393676
0.19445 0.9431776034615195
0.4255289494682334 0.9084116837752199
0.4396027807744726 0.4057674131441048
0.5253855126102204 0.5417154078555233
0.42551748194953276 0.5573714257449212
0.055549999999999974 0.1389
0.1389 0.05555000000000001
0.91665 0.06102918761369048
0.9274751392667036 0.1389
0.7832583178996372 0.22568004401140743
0.75 0.09856346182789424
0.80555 0.06102918761369041
0.75 0.9390523972984516
0.6610756158139834 0.646248528740401
0.8611 0.94445
0.9016138105854654 0.80555
0.94445 0.8611
0.061043290202765756 0.5277999999999999
0.06102918761369046 0.41665
0.048268625625514074 0.58335
0.04826862562551419 0.69445
0.58335 0.9389708123863095
0.5278 0.061043290202765776
0.41665 0.06102918761369046
0.69445 0.061029187613690423
0.6433221005954496 0.17968627883917937
0.25 0.060947602701548344
0.9390523972984516 0.3611
0.9390523972984516 0.25
0.9389567097972342 0.5278
0.783258317899637 0.5743199559885925
0.9389708123863095 0.6944499999999999
0.5089169428882017 0.7791721125971942
0.1389 0.9512362414649
0.4722 0.946533755448715
0.3611 0.935763262807495
0.3572615940737072 0.4310467764434826
0.5153950603530175 0.6116328630154632
0.04861874437443744 0.19445
0.19445 0.048618744374437445
0.1528750900900901 0.15287509009009012
0.69445 0.9505284046642856
0.8647307445690993 0.8823049140580383
0.04946423569492717 0.3611
0.11780325591176444 0.5700967920950388
0.58335 0.04948965937705402
0.3611 0.04946423569492717
0.9505284046642856 0.41665
0.9505284046642856 0.19445
0.950510340622946 0.58335
0.9505357643050728 0.75
0.15939311672687456 0.8970112671114705
0.3640410804099061 0.3275129541765212
0.1003626491821129 0.17269892581482135
0.17269892581482138 0.10036264918211296
0.7018812047852696 0.8463155753601543
0.8076244167092125 0.8076244167092125
0.04814034368443423 0.30555
0.5693193097755365 0.12134928629293458
0.37510880202582003 0.12136996947996455
0.8785982332241185 0.4025495599413631
0.8661296566686656 0.20597457189676754
0.8786507137070656 0.5693193097755365
0.8786300305200354 0.7359911979741799
0.15372153727552323 0.36837353062974
0.23996322854254237 0.15575346502683096
0.10251132690660245 0.2502330934498609
0.10387590381885456 0.33201246142692015
0.14454457357912404 0.21027138393865893
0.17273534579770763 0.2899623987006109
0.5822815778706998 0.6539971862477633
0.6059180043805378 0.8456970023279933
0.3176788343209197 0.17842843451571683
0.2509307823891709 0.4145219297085739
0.6310376603623158 0.7452926859973779
0.4074435015105934 0.21134637447705584
0.255383502930017 0.2474201306485174
0.7674942619041331 0.6968374937718347
0.46980139038723634 0.4028837065720524
0.4523828196785393 0.3782548270833881
0.482581429291303 0.3753711205113357
0.0 0.0278
0.0278 0.0
0.0278 0.0278
0.069475 0.041675000000000004
0.041675 0.06947500000000001
0.3445385688722971 0.6526795845367396
0.28788997422408824 0.6364842873933358
0.33222854309638533 0.6251638719300754
0.2933277821310801 0.5563600230231351
0.2507058828441275 0.5919411840534554
0.2684537165270311 0.5393326322899189
0.06944999999999998 0.111125
0.027774999999999987 0.125
0.041675 0.097225
0.0 0.19445
0.02430937218721872 0.18057499999999999
0.02430937218721872 0.208325
0.6378899742240882 0.5135157126066641
0.6129399742240882 0.5136657126066642
0.62525 0.48614999999999997
0.0 0.08335000000000001
0.34997637677928894 0.572555320166539
0.47545149727987657 0.5495434168002222
0.520390286481619 0.5766741354354932
0.47045627115127514 0.5845021443801921
0.21306590862003927 0.6191568966601195
0.2380659086200393 0.6193068966601195
0.2253 0.66355
0.11439715046354576 0.6053257081708994
0.07962983532042057 0.6119523121233801
0.08303594076863925 0.5767233960475194
0.36737986941294 0.7255811337585534
0.3972585551033061 0.7284525697282371
0.3798786856903661 0.7528714359696838
0.024134312812757096 0.6805749999999999
0.026013156857378684 0.6527999999999999
0.05014746967013578 0.6666749999999999
0.030521645101382878 0.5139
0.030521645101382878 0.5417
0.0 0.5278
0.049281730913947025 0.4861
0.0798033760153299 0.5
0.21295510404700407 0.862375674500679
0.19250166241044134 0.8925813080564142
0.17984655836343727 0.8668056335557353
0.0 0.4722
0.049281730913947025 0.45830000000000004
0.1068315021214615 0.75
0.11900142748098708 0.7825322523667235
0.07583292960244858 0.7825322523667235
0.024070171842217113 0.291675
0.05125566345330122 0.26401654672493047
0.07532583529551834 0.27789154672493044
0.6800298694129401 0.48891886624144665
0.66265 0.4645
0.69247986941294 0.4674188662414467
0.1389 0.0
0.1528 0.027775000000000005
0.125 0.027775000000000005
0.3341686049438455 0.4673991238515407
0.39655131954451717 0.44868471230504103
0.37345833041465537 0.48503705971309913
0.4072144747341167 0.9542058418876099
0.4349644747341167 0.9542058418876099
0.41665 1.0
0.277775 0.07966689605804145
0.2639 0.030473801350774172
0.291675 0.04919309470726727
0.027774999999999987 0.1528
0.0520843721872187 0.16667500000000002
0.11112499999999999 0.93394312073245
0.12137155836343727 0.9068306335557352
0.14914655836343726 0.9241237542881853
0.1528 0.97561812073245
0.1389 1.0
0.125 0.97561812073245
0.36065133724180665 0.3792798653100019
0.4018219305921894 0.36664018366031303
0.3984321874240899 0.4184070947937937
0.4766644747341167 0.9049241109736629
0.41965304360641387 0.8620262573508704
0.47078856887229725 0.8585386845493134
0.31942499999999996 0.04919309470726727
0.30555 0.0
0.49309552250766353 0.32362731212338003
0.49518142929130304 0.35372112051133575
0.4630769517989666 0.32064843263471576
0.15905162795588224 0.6167483960475194
0.15564552250766356 0.6519773121233801
0.2629399742240882 0.6363342873933358
0.35492986941294 0.7040811337585533
0.33755 0.7284999999999999
0.43052500000000005 0.03051459380684523
0.45830000000000004 0.049281730913947025
0.444425 0.07979632472079226
0.4387962864929532 0.6898609991216216
0.45129510277037926 0.7171513013327521
0.4117672545626633 0.7856918514329443
0.38188856887229716 0.7828204154632604
0.4861 0.049281730913947025
0.4722 0.0
0.41665 0.0
0.402775 0.03051459380684523
0.31265 0.6855
0.35698856887229713 0.6741795845367395
0.4593371571344669 0.7674574922682809
0.500874888524114 0.7288659216616653
0.08335000000000001 0.0
0.097225 0.041675000000000004
0.4377219128948998 0.43604503065535216
0.132581429291303 0.7253711205113357
0.145181429291303 0.7037211205113356
0.1626 0.72835
0.23509059421197334 0.9296826389889805
0.24896559421197334 0.9580938372582207
0.208325 0.9715888017307597
0.08941293141276452 0.7253711205113357
0.055965814934218594 0.722225
0.0817157421040601 0.6975961205113357
0.044001427480987086 0.7964322523667235
0.0318315021214615 0.7639
0.21003010404700406 0.9156644762314388
0.25067069825897736 0.9021695117588997
0.0 0.75
0.0318315021214615 0.7361
0.11307695179896655 0.6706484326347157
0.14309552250766355 0.67362731212338
0.1626 0.77165
0.13160142748098708 0.8041822523667235
0.044001427480987086 0.8241822523667235
0.0 0.80555
0.0 0.6389
0.026013156857378684 0.625
0.3868184382852372 0.8287392817047071
0.39269434414705673 0.8751247081290566
0.5485596548877683 0.09119628824785017
0.5207596548877682 0.10995637406041431
0.5 0.07980337601532991
0.04167499999999999 0.902775
0.04167499999999999 0.930525
0.0 0.91665
0.0 0.9722
0.0278 0.9722
0.0278 1.0
0.791675 0.030514593806845205
0.80555 0.0
0.8194250000000001 0.030514593806845205
0.4306792634824299 0.5118470369557604
0.3682965488817582 0.53056144850226
0.06947499999999998 0.958325
0.11219825120014301 0.8793364640849055
0.06750066585431592 0.888875
0.09634891705445896 0.8515614640849055
0.6378899742240882 0.28648428739333587
0.6677198436370282 0.2835654211518892
0.6800298694129401 0.3110811337585533
0.16667500000000002 0.9472069224632098
0.18057499999999999 0.9715888017307597
0.4679205225076635 0.43316132408329977
0.34247986941294006 0.8174188662414468
0.33002986941294005 0.8389188662414466
0.31265 0.8145
0.2879655942119733 0.8760938372582208
0.3177954636249134 0.8790127034996674
0.27525 0.66385
0.6924798694129402 0.33258113375855325
0.66265 0.3355
0.27525 0.83615
0.26301559421197335 0.8762438372582207
0.27676559421197333 0.9580938372582207
0.25 1.0
0.5752999999999999 0.48645
0.5880659086200393 0.5306931033398804
0.5630659086200392 0.5308431033398804
0.3868184382852371 0.671260718295293
0.3694385688722972 0.8043204154632604
0.33755 0.7715000000000001
0.4578736323919928 0.5249338935982716
0.5078076477223366 0.5171058846535727
0.950718269086053 0.4861
0.9694783548986171 0.5139
0.9201966239846701 0.5
0.23795510404700407 0.862225674500679
0.19445 1.0
0.9088037117521499 0.5485596548877683
0.8900436259395857 0.5207596548877682
0.2253 0.83645
0.5506086649251494 0.5584008072676421
0.5378427563051102 0.5141577039277616
0.30451559421197333 0.9580938372582207
0.30555 1.0
0.36047986941294 0.8888004976451942
0.3933144747341167 0.9220874732913574
0.5202648914172264 0.489548180725811
0.375 0.9678816314037475
0.6007058828441274 0.5580588159465445
0.34719999999999995 0.9678816314037475
0.3611 1.0
0.15812325120014303 0.8176614640849056
0.11452467868113012 0.8285437164516289
0.9203331039419584 0.277775
0.9695261986492258 0.2639
0.9508069052927327 0.291675
0.6805749999999999 0.030514593806845212
0.666675 0.07979632472079223
0.6528 0.049281730913947025
0.5278 0.0
0.5417000000000001 0.030521645101382888
0.5139 0.030521645101382888
0.09722499999999999 0.958325
0.08335000000000001 1.0
0.5184114311277028 0.2577342087834996
0.5630659086200392 0.26915689666011966
0.5056455225076635 0.30197731212338
0.53775 0.33505
0.625 0.049281730913947025
0.6389 0.0
0.6129399742240882 0.2863342873933359
0.5880659086200393 0.26930689666011964
0.6007058828441274 0.24194118405345552
0.17474712210853247 0.44336096485428694
0.2383812998146247 0.49471786151440644
0.1621976395339863 0.5235568966601195
0.914582897412554 0.74299559898709
0.9088004214531724 0.7152205989870899
0.9447532883456912 0.7222249999999999
0.7639 0.04928173091394712
0.7361 0.04928173091394712
0.75 0.0
0.304096188231439 0.42278435307602824
0.3074859313995385 0.37101744194254754
0.62525 0.31384999999999996
0.050147469670135725 0.6111249999999999
0.024134312812757037 0.597225
0.38887499999999997 0.05524671165430881
0.375 0.024732117847463583
0.5077148914172265 0.467898180725811
0.53775 0.46495
0.18775 0.8149500000000001
0.17067325120014304 0.8393114640849055
0.03051459380684523 0.43052500000000005
0.07979632472079226 0.444425
0.68755 0.3785
0.7194385688722973 0.34567958453673964
0.7318885688722971 0.3671795845367396
0.7637771377445943 0.4
0.7318885688722971 0.43282041546326044
0.975255170311473 0.569475
0.9447335252100901 0.555575
0.9694783548986171 0.5417000000000001
0.7368184382852373 0.3212607182952929
0.5126 0.37835
0.8472 0.049281730913947025
0.833325 0.07979632472079223
0.555575 0.0552664747899099
0.569475 0.02474482968852701
0.8611 0.0
0.875 0.049281730913947025
0.8211876854843565 0.3684543645074212
0.8211876854843564 0.4340951954339419
1.0 0.5278
0.902775 0.03051459380684524
0.91665 0.0
0.930525 0.03051459380684524
0.9722 0.0
1.0 0.0278
0.9722 0.0278
0.9695261986492258 0.34719999999999995
1.0 0.3611
0.9695261986492258 0.375
0.111125 0.06945000000000001
0.888875 0.07979632472079226
0.7735177278221158 0.28001960654244334
0.8424360642425512 0.2656150220057037
0.8326954741650299 0.31995458453673964
0.958325 0.08606459380684524
0.9637375696333518 0.125
0.9220625696333518 0.09996459380684523
1.0 0.1389
0.9637375696333518 0.1528
0.6063207051854931 0.15051778256605697
0.609576958917764 0.2023000360797093
0.5725755635078075 0.1731315398065869
0.69445 0.0
0.708325 0.030514593806845212
0.9025910269835586 0.22798728594838377
0.9083290306664755 0.20021228594838378
0.9447904009813686 0.222225
0.9752642023321427 0.402775
0.9447904009813686 0.38887499999999997
0.4342172732629602 0.25095049936190794
0.49163765937533593 0.21813008389864755
0.791675 0.9508069052927327
0.7639 0.9695261986492258
0.777775 0.9203331039419584
0.9203331039419584 0.333325
0.9508069052927327 0.31942499999999996
0.36810440101291 0.08541710258744586
0.34032940101291 0.10987807944724955
0.333325 0.07392521255473086
1.0 0.30555
0.41460196949625605 0.3391275975995963
0.6344510245218129 0.21932742681292558
0.9694854061931548 0.6805749999999999
1.0 0.69445
0.9694854061931548 0.7083249999999999
1.0 0.4722
0.950718269086053 0.45830000000000004
0.4408549859523103 0.6599594498998078
0.48052052250766353 0.4548113240832998
0.46303541392488995 0.4794095048091108
0.18775 0.6850499999999999
0.4722 1.0
0.45830000000000004 0.9732668777243575
0.4861 0.9732668777243575
0.4488644747341167 0.9274727196119674
0.5417000000000001 0.950718269086053
0.5278 1.0
0.5139 0.950718269086053
0.5752999999999999 0.31355
0.555575 0.9202036752792078
0.569475 0.9694854061931548
0.06982709333530303 0.8380822523667235
0.02582566585431594 0.8472
0.8326068379583501 0.4689204154632604
0.82121392572583 0.5174800703510286
0.0 0.1389
0.8831722775772823 0.8439274570290192
0.8361775806391558 0.8449646653836254
0.8546191136473389 0.8065872083546062
0.597225 0.9694854061931548
0.58335 1.0
0.02582566585431594 0.875
0.0 0.8611
0.8942875696333518 0.11873173091394702
0.80555 1.0
0.8194250000000001 0.9508069052927327
0.888875 0.93055
0.902775 0.958325
0.875 0.972225
0.7465590283627587 0.266921155764257
0.7537156023926348 0.8739646929728099
0.7259406023926348 0.892683986329303
0.1769215583634373 0.920094435286495
0.972225 0.875
0.972225 0.8472
1.0 0.8611
0.25 0.0
0.2361 0.030473801350774172
0.7368184382852372 0.4787392817047071
0.7194385688722972 0.4543204154632604
1.0 0.6389
0.950718269086053 0.6528
0.950718269086053 0.625
0.9508069052927327 0.791675
1.0 0.80555
0.9508069052927327 0.8194250000000001
0.024134312812757096 0.708325
0.0 0.69445
0.07962983532042064 0.6675023121233801
0.69445 1.0
0.6805749999999999 0.9752642023321427
0.708325 0.9752642023321427
0.9752678821525365 0.7361
0.958325 0.902775
1.0 0.91665
0.958325 0.930525
0.93055 0.888875
0.0 0.3611
0.024732117847463583 0.34719999999999995
0.024732117847463583 0.375
0.930525 0.958325
0.91665 1.0
0.9722 0.9722
0.8906903722845496 0.8994774570290192
0.8629153722845496 0.9133774570290192
0.8611 1.0
0.8472 0.972225
1.0 0.9722
0.9722 1.0
0.03051459380684523 0.402775
0.0 0.41665
0.7735177278221157 0.5199803934575566
0.7465590283627586 0.5330788442357429
0.0 0.58335
0.024134312812757037 0.569475
0.68755 0.4215
0.9088253152612851 0.38182477997068154
0.8901060219047919 0.35404977997068154
0.75 1.0
0.7361 0.9695261986492258
0.46134704031639806 0.7974064717618575
0.5126 0.42165
0.5488383191118587 0.6328150246316132
0.545613438796548 0.593359534847612
0.5790566975553891 0.614541696463762
0.6677198436370282 0.5164345788481108
0.45213609904880586 0.6264960160444711
0.4071973098470635 0.5993652974092001
0.1557994629074107 0.07795632459105649
0.12802446290741068 0.09185632459105648
0.10737536244460685 0.39251176531487
0.12614249955170864 0.42028676531486997
0.18057499999999999 0.024309372187218722
0.19445 0.0
0.208325 0.024309372187218722
0.16667500000000002 0.05208437218721873
0.1835744629074107 0.0744906967782752
0.958325 0.05831459380684524
1.0 0.08335000000000001
0.9752642023321427 0.208325
0.9695261986492258 0.2361
1.0 0.25
0.6765909197106649 0.24392427317814297
0.8968023979676846 0.17243728594838376
0.8636148283343328 0.1522690168623308
0.8221791589498186 0.16212175291965075
0.7666291589498186 0.16212175291965084
0.80555 0.09856346182789415
0.6966610502977248 0.13912487033353682
0.7132902092475434 0.2026831614252934
0.777775 0.07979632472079233
0.6389 0.9447496085252975
0.652775 0.9752642023321427
0.5183584714441009 0.84030432538465
0.6433277821310799 0.5936399769768645
0.618453716527031 0.6106673677100809
0.7044191331739067 0.5576756906009603
0.833325 0.9230319052927327
0.8351403722845496 0.8919593623217519
0.754752810747241 0.8269699960346835
0.8065872083546062 0.8546191136473389
0.9202036752792078 0.6666749999999999
0.9045903722845496 0.8717024570290192
0.9230319052927327 0.833325
0.10818335886982924 0.5211483960475194
0.17181753657592147 0.572505292707639
0.08150867936504222 0.63972731212338
0.024070171842217113 0.31942499999999996
0.0 0.30555
0.07556503564051995 0.22234154672493045
0.05125566345330122 0.23621654672493045
0.054655957914139915 0.5555749999999999
0.08942327305726509 0.5489483960475194
0.6981656023926348 0.8984219900122199
0.650184002190269 0.8981127034961394
0.6538996045829037 0.8460062888440738
0.722225 0.9447904009813686
0.58335 0.0
0.597225 0.02474482968852701
0.5763346548877682 0.08541947283499429
0.39587940101291 0.0911995785468275
0.42365440101291 0.10996671565392929
0.34719999999999995 0.024732117847463583
0.3611 0.0
0.722225 0.07979632472079233
0.69445 0.09856346182789415
0.6411110502977249 0.1391248703335367
0.07795632459105645 0.15579946290741067
0.07449069677827518 0.1835744629074107
1.0 0.41665
0.9752642023321427 0.43052500000000005
0.914563318944202 0.40959977997068153
0.8838717336270655 0.2557622859483838
0.8246939872841514 0.2158273079540875
0.9752642023321427 0.18057499999999999
1.0 0.19445
1.0 0.58335
0.975255170311473 0.597225
0.9145805271650058 0.5763346548877682
0.8900332843460707 0.68744559898709
0.8230621462120842 0.7164143458730072
0.8344654000381195 0.6678687468859174
0.7221669668568103 0.6102842423644967
1.0 0.75
0.9752678821525365 0.7639
0.8901219205527504 0.7707705989870899
0.8431272236146239 0.7718078073416962
0.5455992603794507 0.7165846494224788
0.537557206015363 0.6662784584869499
0.6216785968423416 0.650122857494082
0.6460566380881496 0.6957706073688894
0.6066596191165078 0.6996449361225705
0.1502198095635803 0.8695170976406408
0.5 0.9239851468104104
0.3184155942119733 0.9259754686619682
0.20232615983234706 0.3914477301691569
0.4125160627126166 0.3090337892116406
0.5041139472565219 0.6450962968707998
0.09185632459105644 0.12802446290741068
0.11811254504504504 0.11811254504504506
0.1266188696361015 0.16278700795245574
0.05524671165430881 0.38887499999999997
0.222225 0.05478317353799289
0.2449816142712712 0.10835053386418965
0.2727566142712712 0.12706982722068275
0.2113494629074107 0.08065512594183065
0.20633107717868188 0.12805805710447196
0.19641915931631623 0.15431427755846056
0.16278700795245574 0.12661886963610153
0.6389 1.0
0.594634002190269 0.8923339073571515
0.5668590021902689 0.8735667702500496
0.0488022896896807 0.333325
0.12245361138061847 0.19148515487674014
0.12352795024286324 0.23025223869425993
0.10143698804435768 0.21146600963234113
0.611125 0.07402656060247403
0.6041096548877682 0.10995637406041431
0.9259824714181957 0.444425
0.8900173856981122 0.4373747799706815
0.9390017719654946 0.16667500000000002
0.925973439397526 0.611125
0.8900436259395857 0.6041096548877682
0.926074787445269 0.777775
0.2810031991015773 0.4591367004840863
0.31161441716045984 0.13840731196512568
0.27882103143173104 0.1670909497712739
0.13762333635215504 0.2700977460752359
0.15863995968841582 0.25011689131963494
0.7346877333447013 0.7715765345659945
0.6664594325737927 0.7958041306787661
0.6992659611332244 0.7210650898846063
0.775376289901885 0.6355787248802136
0.8423474280358714 0.6066099779942963
0.0 0.25
0.5240159086200392 0.16173862757406665
0.4398217507552967 0.15495491815247495
0.38574229096024976 0.2694296643267885
0.3408599573654129 0.252970694346119
0.36256116791575654 0.19488740449638634
0.8309545158033513 0.5718196328820645
0.7875593393066728 0.7522309552405235
0.07667006975689086 0.3465562307134601
0.0824525457162725 0.3743312307134601
0.0760081237516444 0.3187812307134601
0.3463938181733699 0.14989920199784068
0.12879872054718888 0.3501929960283301
0.1383056248082811 0.3109874300637655
0.16322844153661542 0.32916796466517545
0.14870983183460706 0.18157323701437453
0.1031936153627285 0.29112277743839055
0.1922539010608332 0.18301242448274496
0.24767336573627968 0.2015867978376742
0.28653116862546835 0.2129242825821171
0.19996403825457051 0.22884575729358816
0.21405942436386233 0.26869126467456417
0.25315714265959394 0.3309710301785456
0.21183306409343927 0.3522421642045924
0.6184778323714268 0.7954948441626856
0.5574174736343698 0.8124345574625937
0.5699773016252587 0.762232399297286
0.39127615176820674 0.1663581719785102
0.7142849388590582 0.6715430112561178
0.30971229166996156 0.2874665424125193
#Elem List - material/type/n of nodes/list of nodes
0 1 6 84 141 115 218 219 217
0 1 6 71 0 1 221 222 220
0 1 6 71 1 120 223 224 222
0 1 6 97 76 106 226 227 225
0 1 6 136 106 96 229 230 228
0 1 6 120 144 70 232 233 231
0 1 6 68 69 177 235 236 234
0 1 6 92 119 93 238 239 237
0 1 6 70 71 120 224 233 240
0 1 6 106 136 97 241 227 228
0 1 6 143 142 176 243 244 242
0 1 6 74 96 75 246 247 245
0 1 6 183 98 158 249 250 248
0 1 6 78 109 138 252 253 251
0 1 6 159 60 126 255 256 254
0 1 6 63 156 62 258 259 257
0 1 6 63 125 156 261 257 260
0 1 6 82 112 190 263 264 262
0 1 6 63 64 125 266 260 265
0 1 6 127 72 99 268 269 267
0 1 6 196 67 205 271 272 270
0 1 6 117 92 91 274 275 273
0 1 6 2 3 145 277 278 276
0 1 6 136 175 107 280 281 279
0 1 6 47 140 46 283 284 282
0 1 6 132 165 5 286 287 285
0 1 6 69 144 177 289 235 288
0 1 6 172 121 190 291 292 290
0 1 6 172 51 52 294 295 293
0 1 6 175 191 141 297 298 296
0 1 6 129 140 101 300 301 299
0 1 6 6 132 5 287 303 302
0 1 6 103 85 115 305 306 304
0 1 6 98 183 74 307 308 248
0 1 6 106 75 96 246 229 309
0 1 6 77 109 78 251 311 310
0 1 6 162 8 130 313 314 312
0 1 6 109 137 138 316 252 315
0 1 6 78 138 101 317 318 253
0 1 6 9 130 8 313 320 319
0 1 6 7 8 162 312 322 321
0 1 6 77 76 97 225 324 323
0 1 6 171 138 137 316 326 325
0 1 6 120 1 2 327 328 223
0 1 6 107 175 141 298 329 280
0 1 6 72 110 73 331 332 330
0 1 6 139 100 50 334 335 333
0 1 6 110 127 159 337 338 336
0 1 6 99 58 127 340 269 339
0 1 6 139 112 100 342 333 341
0 1 6 58 59 127 344 340 343
0 1 6 73 110 98 345 346 331
0 1 6 72 83 99 348 268 347
0 1 6 58 99 57 349 350 339
0 1 6 126 60 61 351 352 255
0 1 6 113 101 140 300 354 353
0 1 6 161 197 130 356 357 355
0 1 6 56 121 55 359 360 358
0 1 6 54 55 53 362 363 361
0 1 6 150 14 15 365 366 364
0 1 6 136 107 143 367 368 281
0 1 6 55 121 53 369 362 359
0 1 6 111 121 128 371 372 370
0 1 6 88 114 116 374 375 373
0 1 6 172 139 51 377 293 376
0 1 6 107 141 84 217 378 329
0 1 6 79 113 80 380 381 379
0 1 6 100 80 113 380 383 382
0 1 6 76 75 106 309 226 384
0 1 6 116 89 88 386 375 385
0 1 6 81 80 100 382 388 387
0 1 6 50 100 49 389 390 334
0 1 6 94 93 108 392 393 391
0 1 6 77 97 109 394 310 324
0 1 6 78 101 79 395 396 318
0 1 6 143 118 142 398 242 397
0 1 6 134 27 168 400 401 399
0 1 6 101 113 79 379 395 353
0 1 6 112 81 100 388 342 402
0 1 6 50 51 139 377 335 403
0 1 6 168 201 134 405 401 404
0 1 6 82 81 112 402 262 406
0 1 6 108 142 94 408 393 407
0 1 6 100 48 49 410 389 409
0 1 6 174 113 140 354 412 411
0 1 6 94 142 118 398 413 408
0 1 6 174 140 47 282 414 412
0 1 6 93 119 108 415 392 238
0 1 6 48 174 47 414 417 416
0 1 6 83 111 99 419 348 418
0 1 6 133 167 23 421 422 420
0 1 6 12 163 131 424 425 423
0 1 6 9 10 161 427 428 426
0 1 6 121 52 53 430 369 429
0 1 6 103 102 86 432 433 431
0 1 6 85 103 86 433 434 304
0 1 6 131 11 12 436 425 435
0 1 6 161 130 9 319 428 357
0 1 6 114 87 102 438 439 437
0 1 6 125 212 96 441 442 440
0 1 6 189 202 170 444 445 443
0 1 6 14 149 13 447 448 446
0 1 6 175 212 191 450 296 449
0 1 6 114 88 87 451 437 373
0 1 6 158 126 61 352 453 452
0 1 6 7 162 185 454 455 322
0 1 6 118 95 94 457 413 456
0 1 6 111 83 82 458 459 418
0 1 6 64 157 125 461 266 460
0 1 6 90 89 104 463 464 462
0 1 6 90 104 105 465 466 464
0 1 6 28 188 168 468 469 467
0 1 6 89 116 104 470 463 385
0 1 6 84 115 85 305 471 219
0 1 6 150 15 122 472 473 366
0 1 6 184 161 10 427 475 474
0 1 6 122 15 16 476 477 472
0 1 6 105 104 199 478 479 465
0 1 6 168 27 28 480 469 400
0 1 6 146 16 17 482 483 481
0 1 6 17 18 19 485 486 484
0 1 6 166 24 25 488 489 487
0 1 6 120 2 145 278 490 328
0 1 6 122 16 146 481 491 477
0 1 6 104 148 133 493 494 492
0 1 6 146 20 147 496 497 495
0 1 6 147 20 21 498 499 496
0 1 6 197 164 102 501 502 500
0 1 6 163 12 13 503 504 423
0 1 6 167 200 187 506 507 505
0 1 6 25 186 166 509 489 508
0 1 6 103 214 102 511 431 510
0 1 6 123 40 151 513 514 512
0 1 6 24 166 133 515 516 487
0 1 6 185 198 132 518 519 517
0 1 6 133 23 24 520 516 422
0 1 6 115 141 191 297 521 218
0 1 6 102 164 114 522 439 501
0 1 6 170 30 31 524 525 523
0 1 6 26 27 134 399 527 526
0 1 6 97 137 109 315 394 528
0 1 6 107 95 118 456 530 529
0 1 6 74 73 98 346 308 531
0 1 6 45 46 173 533 534 532
0 1 6 140 173 46 533 283 535
0 1 6 129 44 45 537 538 536
0 1 6 87 86 102 432 438 539
0 1 6 44 129 160 540 541 536
0 1 6 57 99 128 542 543 349
0 1 6 105 134 201 405 545 544
0 1 6 70 144 69 288 546 232
0 1 6 154 181 195 548 549 547
0 1 6 44 160 43 550 551 541
0 1 6 128 56 57 553 543 552
0 1 6 146 147 122 554 491 497
0 1 6 39 40 123 512 556 555
0 1 6 153 124 38 558 559 557
0 1 6 116 148 104 492 470 560
0 1 6 194 123 151 514 562 561
0 1 6 112 139 190 563 263 341
0 1 6 34 155 33 565 566 564
0 1 6 4 5 165 286 568 567
0 1 6 105 117 91 275 570 569
0 1 6 121 56 128 552 371 358
0 1 6 111 128 99 542 419 372
0 1 6 29 30 135 572 573 571
0 1 6 154 32 33 575 576 574
0 1 6 159 59 60 578 254 577
0 1 6 159 98 110 345 338 579
0 1 6 41 42 180 581 582 580
0 1 6 72 127 110 336 330 267
0 1 6 189 170 31 525 583 445
0 1 6 124 34 35 585 586 584
0 1 6 155 34 124 584 587 564
0 1 6 65 66 182 589 590 588
0 1 6 124 37 38 592 558 591
0 1 6 35 37 124 591 586 593
0 1 6 181 124 153 557 595 594
0 1 6 153 38 39 596 597 559
0 1 6 35 36 37 599 593 598
0 1 6 65 157 64 460 601 600
0 1 6 105 169 117 603 569 602
0 1 6 158 61 62 604 605 453
0 1 6 90 105 91 570 606 466
0 1 6 166 199 133 608 515 607
0 1 6 151 40 41 609 610 513
0 1 6 138 171 101 611 317 325
0 1 6 107 84 95 612 529 378
0 1 6 209 176 108 614 615 613
0 1 6 92 117 119 616 237 273
0 1 6 108 176 142 243 407 614
0 1 6 176 97 143 618 244 617
0 1 6 136 143 97 618 241 368
0 1 6 107 118 143 397 367 530
0 1 6 120 145 193 619 620 490
0 1 6 125 157 203 621 622 461
0 1 6 178 3 4 624 625 623
0 1 6 145 178 193 627 619 626
0 1 6 17 19 146 628 483 486
0 1 6 20 146 19 628 629 495
0 1 6 167 187 22 630 631 507
0 1 6 167 22 23 632 421 631
0 1 6 116 114 164 522 633 374
0 1 6 122 147 200 634 635 554
0 1 6 122 148 149 637 638 636
0 1 6 164 149 148 637 640 639
0 1 6 122 149 150 641 473 638
0 1 6 149 14 150 364 641 446
0 1 6 160 180 43 643 550 642
0 1 6 129 101 171 611 644 301
0 1 6 108 119 152 645 646 415
0 1 6 119 117 169 603 647 616
0 1 6 39 123 153 648 597 556
0 1 6 181 153 123 648 649 595
0 1 6 123 194 195 650 651 561
0 1 6 170 135 30 572 523 652
0 1 6 181 155 124 587 594 653
0 1 6 154 33 155 565 654 576
0 1 6 183 125 96 442 656 655
0 1 6 158 98 126 657 452 249
0 1 6 196 66 67 659 270 658
0 1 6 177 205 68 661 236 660
0 1 6 62 156 158 662 605 258
0 1 6 158 156 183 663 250 662
0 1 6 159 126 98 657 579 256
0 1 6 127 59 159 577 337 344
0 1 6 194 180 210 665 666 664
0 1 6 41 180 151 667 610 582
0 1 6 184 10 11 668 669 475
0 1 6 161 184 197 670 355 474
0 1 6 198 162 130 314 672 671
0 1 6 7 185 6 673 674 455
0 1 6 13 149 163 675 504 447
0 1 6 149 131 163 424 675 676
0 1 6 149 164 131 677 676 639
0 1 6 116 164 148 640 560 633
0 1 6 144 192 177 679 289 678
0 1 6 3 178 145 626 277 623
0 1 6 186 25 26 680 681 508
0 1 6 166 186 199 682 607 509
0 1 6 200 133 148 493 684 683
0 1 6 22 187 21 685 686 630
0 1 6 188 28 29 687 688 467
0 1 6 168 188 201 689 404 468
0 1 6 135 202 216 691 692 690
0 1 6 119 169 152 693 645 647
0 1 6 189 31 32 694 695 583
0 1 6 202 154 195 549 697 696
0 1 6 209 171 137 326 699 698
0 1 6 209 152 213 701 702 700
0 1 6 52 121 172 290 295 429
0 1 6 190 121 111 370 703 291
0 1 6 140 129 173 704 535 299
0 1 6 129 45 173 534 704 538
0 1 6 48 100 174 705 416 409
0 1 6 113 174 100 705 383 411
0 1 6 125 203 212 706 440 622
0 1 6 103 115 191 521 707 306
0 1 6 209 108 152 646 700 615
0 1 6 176 137 97 528 617 708
0 1 6 192 120 179 710 711 709
0 1 6 182 157 65 600 590 712
0 1 6 4 165 178 713 625 568
0 1 6 204 165 132 285 715 714
0 1 6 193 165 204 714 717 716
0 1 6 193 204 179 718 719 717
0 1 6 43 180 42 581 720 643
0 1 6 210 160 129 540 722 721
0 1 6 195 181 123 649 651 548
0 1 6 155 181 154 547 654 653
0 1 6 196 182 66 589 658 723
0 1 6 192 207 205 725 726 724
0 1 6 125 183 156 663 261 655
0 1 6 74 183 96 656 245 307
0 1 6 11 131 184 727 669 435
0 1 6 197 184 131 727 728 670
0 1 6 198 185 162 454 671 517
0 1 6 132 6 185 673 519 302
0 1 6 26 134 186 729 681 527
0 1 6 199 186 134 729 730 682
0 1 6 167 133 200 683 505 420
0 1 6 147 21 187 685 731 499
0 1 6 29 135 188 732 688 573
0 1 6 201 188 135 732 733 689
0 1 6 32 154 189 734 695 574
0 1 6 202 189 154 734 696 443
0 1 6 190 111 82 459 264 703
0 1 6 139 172 190 292 563 376
0 1 6 212 175 136 279 735 449
0 1 6 204 132 211 736 737 715
0 1 6 120 192 144 678 231 709
0 1 6 208 205 207 725 739 738
0 1 6 165 193 178 627 713 716
0 1 6 120 193 179 719 710 620
0 1 6 151 180 194 664 562 667
0 1 6 180 160 210 721 665 642
0 1 6 216 194 213 741 742 740
0 1 6 135 216 169 743 744 692
0 1 6 205 67 68 745 661 271
0 1 6 205 177 192 679 726 660
0 1 6 164 197 131 728 677 500
0 1 6 130 197 102 502 746 356
0 1 6 214 130 102 746 511 747
0 1 6 214 191 211 749 750 748
0 1 6 105 199 134 730 544 479
0 1 6 133 199 104 478 494 608
0 1 6 122 200 148 684 636 635
0 1 6 147 187 200 506 634 731
0 1 6 135 169 201 751 733 744
0 1 6 201 169 105 602 545 751
0 1 6 202 195 216 752 691 697
0 1 6 135 170 202 444 690 652
0 1 6 182 206 157 754 712 753
0 1 6 206 182 196 723 755 753
0 1 6 211 132 198 518 756 736
0 1 6 203 206 208 758 759 757
0 1 6 207 192 179 711 760 724
0 1 6 206 203 157 621 754 757
0 1 6 196 205 206 761 755 272
0 1 6 208 206 205 761 738 758
0 1 6 179 204 207 762 760 718
0 1 6 215 204 211 737 764 763
0 1 6 215 207 204 762 763 765
0 1 6 208 215 212 767 768 766
0 1 6 194 210 213 769 741 666
0 1 6 137 176 209 613 699 708
0 1 6 129 171 210 770 722 644
0 1 6 213 171 209 698 702 771
0 1 6 214 211 198 756 772 750
0 1 6 215 208 207 739 765 766
0 1 6 212 136 96 230 441 735
0 1 6 212 203 208 759 768 706
0 1 6 152 216 213 742 701 773
0 1 6 171 213 210 769 770 771
0 1 6 130 214 198 772 672 747
0 1 6 191 214 103 510 707 748
0 1 6 211 191 215 774 764 749
0 1 6 212 215 191 774 450 767
0 1 6 216 195 194 650 740 752
0 1 6 169 216 152 773 693 743
#Material List - E/nu/rho
73119000 0.33 2794
#Constrained Dofs List - Node id / dof -1 if all dofs constrained on node
0 -1
20 -1
#Applied Point Loads List - Node id / dof / value
#Applied Surface Forces List -  Element Id / Edge ID / Direction /value
81 0 1 -50
81 0 0 -50
70 0 1 -50
70 0 0 -50
146 0 1 -50
146 0 0 -50
103 1 1 -50
103 1 0 -50
69 1 1 -50
109 0 1 -50
69 1 0 -50
109 0 0 -50
#Applied Body Forces List - Direction / value
#Thickness (Plane Stress) - value - if zero: Plane Strain 
1
