#FEM Config File
#Quantities
#Nodes/Elements/Materials/Degs of Contraint/Point Loads/Surface Forces/Body Forces
1597 718 1 2 5 1 1
#Node List - x,y
0.0 0.0
0.142857 0.0
0.857143 0.0
1.0 0.0
0.0 0.142857
0.142857 0.142857
0.857143 0.142857
1.0 0.142857
0.0 0.285714
0.142857 0.285714
0.857143 0.285714
1.0 0.285714
0.0 0.428571
0.142857 0.428571
0.285714 0.428571
0.428571 0.428571
0.571429 0.428571
0.714286 0.428571
0.857143 0.428571
1.0 0.428571
0.0 0.571429
0.142857 0.571429
0.285714 0.571429
0.428571 0.571429
0.571429 0.571429
0.714286 0.571429
0.857143 0.571429
1.0 0.571429
0.0 0.714286
0.142857 0.714286
0.857143 0.714286
1.0 0.714286
0.0 0.857143
0.142857 0.857143
0.857143 0.857143
1.0 0.857143
0.0 1.0
0.142857 1.0
0.857143 1.0
1.0 1.0
0.05446865235168157 0.08838834764831843
0.0 0.08035700000000001
0.0 0.040178500000000006
0.029255204923185757 0.07066706092405248
0.022097086912079608 0.1207599130879204
0.08035700000000001 0.142857
0.0 0.11160700000000001
0.03125 0.142857
0.05446865235168157 0.23124534764831844
0.0 0.22321400000000002
0.0 0.174107
0.0714285 0.0
0.09866282617584078 0.04419417382415922
0.07656573926376117 0.06629126073623882
0.03571425 0.0
0.055803500000000006 0.12114045807302198
0.09355267524210534 0.1031986928574053
0.142857 0.0625
0.066127083984334 0.03375551854473202
0.10701240860978195 0.07464084317018001
0.142857 0.1026785
0.11160700000000001 0.142857
0.09866282617584078 0.18705117382415923
0.12075991308792039 0.16495408691207963
0.142857 0.205357
0.142857 0.174107
0.03313156745010016 0.03766735773221241
0.04391647293184274 0.18677347293184277
0.11160700000000001 0.0
0.1207599130879204 0.022097086912079608
0.142857 0.03125
0.142857 0.24553550000000002
0.029222195514913393 0.21374793094714858
0.022097086912079615 0.2636169130879204
0.08035700000000001 0.285714
0.0 0.254464
0.03125 0.285714
0.0 0.348214
0.05446865235168155 0.37410234764831846
0.0 0.316964
0.04081293831424518 0.332589
0.09866282617584077 0.32990817382415927
0.07656573926376117 0.35200526073623883
0.142857 0.348214
0.11049656543960196 0.3638390000000001
0.142857 0.38839250000000003
0.08035700000000001 0.428571
0.08496040020443377 0.38249700858899105
0.11160700000000001 0.428571
0.055803500000000006 0.1595601132864342
0.07656573926376119 0.20914826073623882
0.114895143003167 0.21036289439089126
0.09207730948775221 0.24675691787230947
0.11160700000000001 0.285714
0.12075991308792039 0.30781108691207965
0.142857 0.316964
0.11775844489386969 0.2582564162626387
0.055803500000000006 0.263997458073022
0.055803500000000006 0.30511782082564715
0.0 0.397321
0.022097086912079626 0.40647391308792036
0.03125 0.428571
0.05446896171066633 0.5169596570062204
0.0 0.508929
0.0 0.459821
0.021716541926978035 0.37276750000000003
0.055803500000000006 0.428571
0.09866298085533315 0.4727653285031102
0.06808025000000001 0.40407742460331564
0.04352675 0.47209758201423013
0.06808025000000001 0.4555283098200289
0.07656597128299973 0.4948624927546653
0.142857 0.491071
0.08035700000000001 0.571429
0.11049672561506445 0.506696
0.08496072192209375 0.5253541942037322
0.142857 0.540179
0.19732596171066635 0.5169596570062204
0.11160700000000001 0.571429
0.054468652351681544 0.6598173476483185
0.09866282617584078 0.6156231738241592
0.16495400957233342 0.5493318357484449
0.205357 0.571429
0.174107 0.571429
0.12075991308792043 0.5935260869120795
0.142857 0.633929
0.142857 0.602679
0.12075999042766658 0.4506681642515551
0.142857 0.459821
0.205357 0.428571
0.24151998085533316 0.4727653285031102
0.174107 0.428571
0.18367025165041187 0.475446
0.21942297128299976 0.4948624927546653
0.285714 0.491071
0.24553550000000002 0.571429
0.25234263708663907 0.5056849185491518
0.285714 0.540179
0.3401829617106663 0.5169596570062204
0.3078110095723335 0.5493318357484448
0.348214 0.571429
0.316964 0.571429
0.029239070479714708 0.499347942128812
0.022097009572333397 0.5493318357484449
0.0 0.540179
0.03125 0.571429
0.0 0.651786
0.0 0.602679
0.16457349788120543 0.515625
0.11192852640751857 0.5405005264075186
0.19336475349698795 0.5453704286599592
0.142857 0.6741075
0.1127128054258279 0.3971890230330182
0.21194486665472442 0.4600730745768711
0.254464 0.428571
0.2636169904276666 0.4506681642515551
0.285714 0.459821
0.348214 0.428571
0.3843769808553331 0.4727653285031102
0.316964 0.428571
0.32652725165041185 0.475446
0.3622799712829997 0.4948624927546653
0.428571 0.491071
0.38839250000000003 0.571429
0.395199637086639 0.5056849185491518
0.428571 0.540179
0.48304065235168153 0.5169593476483184
0.45066808691207955 0.5493319130879204
0.491071 0.571429
0.459821 0.571429
0.22768211058000856 0.5252185838109207
0.3074304978812054 0.515625
0.336221753496988 0.5453704286599591
0.055803500000000006 0.5497120503698211
0.055803500000000006 0.6074877403520462
0.07656573926376113 0.6377202607362389
0.11489514300316701 0.6389348943908912
0.08035700000000001 0.714286
0.09207730948775211 0.6753289178723094
0.11160700000000001 0.714286
0.054468652351681544 0.8026743476483185
0.09866282617584078 0.7584801738241592
0.12075991308792043 0.7363830869120795
0.142857 0.776786
0.142857 0.745536
0.11775844489386963 0.6868284162626386
0.3548018666547244 0.4600730745768711
0.397321 0.428571
0.4064739904276666 0.4506681642515551
0.428571 0.459821
0.491071 0.428571
0.5272348261758407 0.4727651738241592
0.459821 0.428571
0.46938418902658585 0.475446
0.5051377392637612 0.4948622607362388
0.571429 0.491071
0.5390685654396019 0.506696
0.571429 0.540179
0.6258979617106663 0.5169596570062204
0.5135324002044337 0.525354008588991
0.5935260095723334 0.5493318357484448
0.633929 0.571429
0.53125 0.571429
0.602679 0.571429
0.37053911058000855 0.5252185838109207
0.4502879055870299 0.515625
0.47907893027337384 0.5453701910096127
0.25444662595222867 0.5414321517742917
0.030592506134962956 0.6330264753472128
0.03125000000000001 0.714286
0.142857 0.8169645
0.49765924411566126 0.46007328698413547
0.540179 0.428571
0.5493319130879204 0.4506680869120796
0.571429 0.459821
0.633929 0.428571
0.6700919808553332 0.47276532850311015
0.602679 0.428571
0.6122422516504118 0.475446
0.6479949712829998 0.49486249275466526
0.714286 0.491071
0.6819257256150644 0.5066959999999999
0.714286 0.540179
0.7687549617106663 0.5169596570062204
0.6563897219220938 0.5253541942037322
0.7363830095723334 0.5493318357484448
0.776786 0.571429
0.6741075 0.571429
0.745536 0.571429
0.5931454978812053 0.515625
0.621936753496988 0.5453704286599592
0.5402369434228286 0.5415291321371465
0.3973036259522286 0.5414321517742917
0.07535110560910874 0.742247856996833
0.07656573926376113 0.7805772607362389
0.0 0.794643
0.0 0.7544645
0.022097086912079594 0.6921889130879204
0.0 0.683036
0.02846691997270633 0.7902992146210246
0.022097086912079594 0.8350459130879204
0.08035700000000001 0.857143
0.0 0.825893
0.03125 0.857143
0.054468652351681544 0.9455313476483185
0.0 0.9375
0.0 0.888393
0.11489514300316701 0.7817918943908913
0.09207730948775211 0.8181859178723094
0.11160700000000001 0.857143
0.09866282617584078 0.9013371738241592
0.12075991308792043 0.8792400869120796
0.142857 0.919643
0.142857 0.888393
0.11775844489386963 0.8296854162626386
0.6405168666547244 0.46007307457687113
0.683036 0.428571
0.6921889904276666 0.4506681642515551
0.714286 0.459821
0.776786 0.428571
0.8129489808553332 0.47276532850311015
0.745536 0.428571
0.7550992516504118 0.475446
0.7908519712829998 0.49486249275466526
0.857143 0.491071
0.8247827256150644 0.5066959999999999
0.857143 0.540179
0.9116119617106663 0.5169596570062204
0.7992467219220938 0.5253541942037322
0.8792400095723334 0.5493318357484448
0.9375 0.571429
0.8169645 0.571429
0.888393 0.571429
0.9116116523516815 0.6598173476483185
0.857143 0.651786
0.857143 0.602679
0.7360024978812053 0.515625
0.764793753496988 0.5453704286599592
0.6830941217725985 0.5415292176564912
0.05580350000000001 0.692569458073022
0.02605816254377784 0.6637784232800167
0.055803500000000006 0.835426458073022
0.043916472931842754 0.9010594729318427
0.142857 0.9598215
0.7833738666547244 0.46007307457687113
0.825893 0.428571
0.8350459904276666 0.4506681642515551
0.857143 0.459821
0.919643 0.428571
0.9558059808553332 0.47276532850311015
0.888393 0.428571
0.9455313476483185 0.34018265235168155
0.9013371738241592 0.3843768261758408
0.8792400869120797 0.40647391308792036
0.857143 0.366071
0.857143 0.397321
0.8979562516504118 0.475446
0.9337089712829998 0.49486249275466526
1.0 0.491071
0.9676397256150644 0.5066959999999999
1.0 0.53125
0.9421037219220938 0.5253541942037322
0.96875 0.571429
0.8788594978812053 0.515625
0.8259511217725986 0.5415292176564912
0.9129465 0.571429
0.9558058261758408 0.6156231738241592
0.038263578290434974 0.7519830644175639
0.029222195514913403 0.9280339309471486
0.022097086912079594 0.9779029130879204
0.0625 1.0
0.0 0.96875
0.03125 1.0
0.055803500000000006 0.8738461132864341
0.07656573926376113 0.9234342607362389
0.11489514300316701 0.9246488943908913
0.1026785 1.0
0.06684378537897541 0.9715330800272937
0.96875 0.428571
0.857143 0.32589250000000003
0.9262308666547244 0.46007307457687113
0.9779029904276666 0.4506681642515551
1.0 0.459821
1.0 0.348214
1.0 0.397321
0.9685531780655786 0.3727675
0.9234342607362389 0.36227973926376117
0.935268 0.396210565439602
0.92522325 0.5469349252892529
0.90066975 0.6149555820142302
0.9252232499999999 0.5983863098200289
0.9337087392637611 0.6377202607362389
0.9375 0.714286
0.949220309487752 0.6753289178723094
1.0 0.633929
0.9649313412555872 0.6468457758159853
1.0 0.6741075
0.96875 0.714286
0.9116116523516815 0.8026743476483185
0.9558058261758408 0.7584801738241592
0.9779029130879204 0.7363830869120795
1.0 0.776786
1.0 0.745536
0.9749014448938697 0.6868284162626386
0.8851048569968331 0.3610651056091087
0.919643 0.285714
0.9079226905122478 0.3246710821276906
0.888393 0.285714
0.9455313476483185 0.19732565235168156
0.9013371738241592 0.2415198261758408
0.8792400869120796 0.26361691308792046
0.857143 0.22321400000000002
0.857143 0.254464
0.8822415551061303 0.31317158373736137
0.9779029130879204 0.5935260869120795
1.0 0.602679
0.8863820457205928 0.6422056527418715
0.8792400869120796 0.6921889130879204
0.857143 0.683036
0.888393 0.714286
0.857143 0.794643
0.857143 0.745536
1.0 0.8169645
0.10399995002554213 0.9615483537399865
0.96875 0.285714
0.857143 0.18303550000000002
0.9698558375454666 0.5400469385449073
0.9129465 0.692569458073022
0.9129465 0.7503447403520462
0.9337087392637611 0.7805772607362389
0.9720381430031669 0.7817918943908913
0.9375 0.857143
0.949220309487752 0.8181859178723094
0.96875 0.857143
0.9116116523516815 0.9455313476483185
0.9558058261758408 0.9013371738241592
0.9779029130879204 0.8792400869120796
1.0 0.919643
1.0 0.888393
0.9749014448938697 0.8296854162626386
0.9246488943908913 0.257752143003167
0.9234342607362389 0.21942273926376116
1.0 0.205357
1.0 0.24553550000000002
0.9779029130879204 0.30781108691207965
1.0 0.316964
0.9715330800272937 0.20970078537897544
0.9779029130879204 0.1649540869120796
0.919643 0.142857
1.0 0.174107
0.96875 0.142857
0.9455313476483185 0.054468652351681544
1.0 0.0625
1.0 0.11160700000000001
0.8851048569968331 0.21820810560910875
0.9079226905122478 0.18181408212769057
0.888393 0.142857
0.9013371738241592 0.09866282617584078
0.8792400869120796 0.12075991308792043
0.857143 0.08035700000000001
0.857143 0.11160700000000001
0.8822415551061303 0.17031458373736136
0.8877355061349629 0.7758834753472128
0.888393 0.857143
1.0 0.9598215
0.9441965 0.30743054192697805
0.9739418374562222 0.3362215767199833
0.9441965 0.16457354192697804
0.9560835270681572 0.09894052706815727
0.857143 0.040178500000000006
0.9324941056091087 0.8851048569968331
0.9337087392637611 0.9234342607362389
0.857143 0.9375
0.857143 0.8973215
0.8792400869120796 0.8350459130879204
0.857143 0.825893
0.8856099199727063 0.9331562146210246
0.8792400869120796 0.9779029130879204
0.919643 1.0
0.857143 0.96875
0.888393 1.0
0.9720381430031669 0.9246488943908913
0.9598215 1.0
0.9239867853789754 0.9715330800272937
0.961736421709565 0.24801693558243607
0.9707778044850867 0.07196606905285147
0.9779029130879204 0.022097086912079594
0.9375 0.0
1.0 0.03125
0.96875 0.0
0.9441965 0.12615388671356584
0.9234342607362389 0.07656573926376113
0.8851048569968331 0.07535110560910874
0.8973215 0.0
0.9331562146210246 0.02846691997270633
0.9129465 0.835426458073022
0.8832011625437778 0.8066354232800167
0.8954065782904349 0.8948400644175639
0.9611429500255421 0.9615483537399865
0.8960000499744579 0.03845164626001352
0.0823949550800874 0.03897484618444562
0.08761428271980098 0.05524271728019903
0.07134641162404759 0.05002338964048542
0.142857 0.189732
0.1288760715015835 0.20785994719544565
0.1288760715015835 0.19223494719544565
0.07401066379689346 0.09579352025286186
0.06551719580772138 0.07733980419227862
0.08505920725293326 0.08474497679682205
0.014611097757456696 0.1939274654735743
0.02195823646592137 0.1804402364659214
0.03656933422337807 0.2002607019394957
0.015625 0.301339
0.0 0.301339
0.015625 0.285714
0.07467808762105267 0.11216957546521364
0.05513607617584079 0.10476440286067021
0.015625 0.142857
0.011048543456039804 0.1318084565439602
0.026673543456039804 0.1318084565439602
0.03442290872505008 0.018833678866106204
0.050920666992167005 0.01687775927236601
0.04962932571721708 0.03571143813847222
0.026673543456039808 0.27466545654396024
0.011048543456039808 0.27466545654396024
0.011048543456039804 0.1161834565439602
0.0 0.09598200000000001
0.011048543456039804 0.1005584565439602
0.1695305047861667 0.5603804178742224
0.158482 0.571429
0.1539055047861667 0.5603804178742224
0.08695483762105267 0.12302784642870265
0.06808025000000001 0.131998729036511
0.12493470430489098 0.08865967158509
0.11820483762105267 0.10293859642870265
0.10028254192594364 0.08891976801379264
0.3123875047861667 0.5603804178742224
0.301339 0.571429
0.2967625047861667 0.5603804178742224
0.03895029345603981 0.12095018558047119
0.04352675 0.131998729036511
0.015625 0.444196
0.0 0.444196
0.015625 0.428571
0.1005584565439602 0.15390554345603982
0.09598200000000001 0.142857
0.1161834565439602 0.15390554345603982
0.0266735047861667 0.5603804178742224
0.015625 0.571429
0.011048504786166698 0.5603804178742224
0.04319800306748148 0.6202571078496295
0.015296253067481478 0.6178527376736064
0.027901750000000003 0.6050833701760231
0.021763375 0.4659592910071151
0.037388375 0.4503342910071151
0.09178907393677156 0.07046605195320942
0.09598200000000001 0.714286
0.09347905280455437 0.7282669284984165
0.07785405280455437 0.7282669284984165
0.014611097757456702 0.9082134654735743
0.021958236465921377 0.8947262364659214
0.036569334223378075 0.9145467019394957
0.10257983762105267 0.12302784642870265
0.0266735434560398 0.7032374565439602
0.0389502934560398 0.6923791855804712
0.04352675000000001 0.703427729036511
0.055803500000000006 0.142857
0.031193386186642958 0.054167209328132446
0.014627602461592878 0.05542278046202624
0.01656578372505008 0.03892292886610621
0.285714 0.555804
0.2967625047861667 0.5447554178742224
0.026673543456039797 0.8460944565439602
0.015625 0.857143
0.011048543456039797 0.8460944565439602
0.10283761739281136 0.05941750849716962
0.0661846196318806 0.18435418701133652
0.07723316308792039 0.1733056435552967
0.08761428271980098 0.19809971728019904
0.026673543456039797 0.9889514565439602
0.015625 1.0
0.011048543456039797 0.9889514565439602
0.011048543456039808 0.25904045654396024
0.0 0.23883900000000002
0.011048543456039808 0.2434154565439602
0.014627602461592878 0.07551203046202624
0.0 0.06026775000000001
0.1539055047861667 0.5447554178742224
0.142857 0.555804
0.10971136963188059 0.03314563036811942
0.1318084565439602 0.042298543456039804
0.12075991308792039 0.05334708691207961
0.43961954345603976 0.5447554565439602
0.43961954345603976 0.5603804565439602
0.428571 0.555804
0.068777791992167 0.01687775927236601
0.08504566308792039 0.02209708691207961
0.10971136963188058 0.17600263036811942
0.1178275280455437 0.18765849065148543
0.10677898458950388 0.19870703410752524
0.9733264565439602 0.011048543456039797
0.984375 0.0
0.9889514565439602 0.011048543456039797
0.0 0.127232
0.025676145917632683 0.09571348700598645
0.04186192863743367 0.07952770428618545
0.052910472093473465 0.06847916083014566
0.5981025047861667 0.5603804178742224
0.587054 0.571429
0.5824775047861667 0.5603804178742224
0.984375 0.142857
0.9889514565439602 0.1539055434560398
0.9733264565439602 0.1539055434560398
0.017857125 0.0
0.01656578372505008 0.018833678866106204
0.9221459471954456 0.27173307150158355
0.904018 0.285714
0.9065209471954456 0.27173307150158355
0.08950991308792039 0.16495408691207963
0.9570422628569486 0.35647507617584073
0.9459937194009087 0.36752361963188057
0.9344828041922787 0.35123119580772133
0.9564732499999999 0.29657227096348904
0.9733264565439602 0.2967625434560398
0.9610497065439603 0.3076208144195288
0.04184542393329748 0.2224966392977335
0.04919256264176215 0.2090094102900806
0.8838165047861667 0.5603804178742224
0.872768 0.571429
0.8681915047861667 0.5603804178742224
0.1318084565439602 0.16953054345603982
0.963430665776622 0.08545329806050436
0.9853889022425433 0.09178653452642574
0.9780417635340786 0.10527376353407863
0.08621715474387612 0.26623545893615475
0.06808025000000001 0.274855729036511
0.07394040474387611 0.25537718797266573
0.7409595047861667 0.5603804178742224
0.729911 0.571429
0.7253345047861667 0.5603804178742224
0.015625 0.158482
0.0 0.158482
0.571429 0.555804
0.5824775047861667 0.5447554178742224
0.03828286963188059 0.10457413036811941
0.878906375 0.608817291007115
0.872768 0.587054
0.894531375 0.593192291007115
0.88504475 0.7479403701760231
0.9003410030674814 0.7631141078496295
0.8724392530674814 0.7607097376736064
0.7253345047861667 0.5447554178742224
0.714286 0.555804
0.03758323646592137 0.1648152364659214
0.8838165434560398 0.8460944565439602
0.8960932934560397 0.8352361855804712
0.90066975 0.846284729036511
0.127232 0.12276775000000001
0.8681915434560398 0.9889514565439602
0.8838165434560398 0.9889514565439602
0.872768 1.0
0.9506220528045544 0.8711239284984165
0.9349970528045544 0.8711239284984165
0.953125 0.857143
0.12493470430489098 0.06857042158509
0.053571375000000004 0.0
0.142857 0.12276775000000001
0.127232 0.142857
0.872768 0.714286
0.8681915434560398 0.7032374565439602
0.8838165434560398 0.7032374565439602
0.8681915047861667 0.5447554178742224
0.857143 0.555804
0.1161834565439602 0.011048543456039804
0.10513491308792039 0.02209708691207961
0.142857 0.08258925
0.45524454345603976 0.5603804565439602
0.444196 0.571429
0.1318084565439602 0.15390554345603982
0.05484865335693066 0.05197930923422561
0.142857 0.158482
0.0 0.020089250000000003
0.04985998646592137 0.1731667931091385
0.04352675 0.1512085566432171
0.06551719580772138 0.22019680419227863
0.060241106097801964 0.1979608668340408
0.142857 0.046875
0.1318084565439602 0.026673543456039804
0.09151775000000001 0.0
0.127232 0.0
0.1318084565439602 0.011048543456039804
0.142857 0.015625
0.08950991308792039 0.30781108691207965
0.1005584565439602 0.2967625434560398
0.10971136963188058 0.3188596303681195
0.11468272244693485 0.2719852081313193
0.10184215474387612 0.26623545893615475
0.10491787719081094 0.25250666706747404
0.025659641213496502 0.23868242201753448
0.038282869631880594 0.24743113036811942
0.014611097757456696 0.21848096547357432
0.0 0.19866050000000002
0.0843215243757567 0.22795258930427414
0.07327298091971689 0.23900113276031396
0.0 0.37276750000000003
0.010858270963489017 0.36049075
0.010858270963489017 0.38504425
0.038950293456039814 0.2638071855804712
0.04352675 0.274855729036511
0.0 0.270089
0.0 0.332589
0.02040646915712259 0.3247765
0.02040646915712259 0.3404015
0.05513607617584079 0.24762140286067022
0.09598200000000001 0.428571
0.1161834952138333 0.43961958212577756
0.1005584952138333 0.43961958212577756
0.06618461963188059 0.328561540780943
0.07723316308792039 0.31751299732490323
0.08761428271980097 0.34095671728019905
0.06551719580772136 0.3630538041922786
0.047640795332963365 0.35334567382415927
0.058689338789003176 0.34229713036811943
0.03809259713932979 0.3734349238241592
0.0312647401206116 0.35267825
0.03603146915712259 0.3091515
0.04830821915712259 0.31885341041282356
0.04352675 0.29541591041282356
0.10457969580772136 0.3468735869120797
0.09353115235168157 0.3579221303681195
0.1161834565439602 0.2967625434560398
0.09598200000000001 0.285714
0.12075991308792039 0.33906108691207965
0.12667678271980098 0.3560265
0.06971452627805766 0.3782996781186547
0.08076306973409747 0.36725113466261494
0.1318084565439602 0.3280125434560398
0.09772848282201786 0.3731680042944956
0.127232 0.428571
0.11215990271291396 0.4128800115165091
0.12778490271291396 0.4128800115165091
0.142857 0.36830325
0.12667678271980098 0.3761157500000001
0.011048543456039813 0.41752245654396014
0.02667354345603981 0.41752245654396014
0.07421862500000001 0.41632421230165784
0.09039652771291395 0.4006332238181669
0.09653490271291396 0.4128800115165091
0.06194187500000001 0.44204965491001447
0.055803500000000006 0.4638129459171295
0.049665125000000004 0.4503342910071151
0.07652032510221689 0.39328721659615334
0.09883660281513083 0.3898430158110046
0.11160468543271493 0.3805140115165091
0.12778490271291396 0.3927907615165091
0.06808025000000001 0.1512085566432171
0.0957304411334641 0.20975557756356505
0.10348622624545961 0.22855990613160038
0.142857 0.22544625000000001
0.1288760715015835 0.22794919719544565
0.11632679394851834 0.23430965532676495
0.13030772244693484 0.2518959581313194
0.13030772244693484 0.2719852081313193
0.127232 0.285714
0.142857 0.332589
0.1318084565439602 0.3123875434560398
0.1318084565439602 0.2967625434560398
0.142857 0.301339
0.142857 0.26562475
0.055803500000000006 0.285714
0.06808025000000001 0.29541591041282356
0.045088668456039815 0.405275668845618
0.03828286963188059 0.3902881303681194
0.06127445117584078 0.3890898861258171
0.0 0.412946
0.011048543456039813 0.40189745654396014
0.021906814419528832 0.3896207065439602
0.08761447606916645 0.4838139106288878
0.1045798532351988 0.4897306642515551
0.09353134844903209 0.5007792463773326
0.038950293456039814 0.41752245654396014
0.04352675 0.428571
0.06004636064149987 0.4834800373844477
0.06551746649683303 0.5059110748804428
0.048997855855333165 0.49452861951022525
0.08076334660254675 0.5101083434791988
0.06971484181638005 0.5211569256049763
0.011048504786166698 0.5447554178742224
0.0 0.524554
0.011048504786166698 0.5291304178742224
0.06808025000000001 0.428571
0.06194187500000001 0.41632421230165784
0.10971148564149986 0.4617167463773326
0.08950999042766658 0.4506681642515551
0.036382910239857354 0.4857227620715211
0.014619535239857354 0.479584471064406
0.07421862500000001 0.44204965491001447
0.041854016095190516 0.5081537995675162
0.08337161542766658 0.4641468191615695
0.07232311064149988 0.4751954012873471
0.12075999042766658 0.4819181642515551
0.12667686280753224 0.49888350000000004
0.1318084952138333 0.47086958212577756
0.142857 0.475446
0.16326362582520593 0.4676335
0.16326362582520593 0.4832585
0.0977287237685791 0.5160250971018661
0.09598200000000001 0.571429
0.10513491308792039 0.5935260869120795
0.08950991308792039 0.5935260869120795
0.0961427632037593 0.5559647632037592
0.08265886096104688 0.548391597101866
0.09844462416480616 0.5329273603056254
0.1117677632037593 0.5559647632037592
0.12667686280753224 0.5234375
0.1273927632037593 0.5403397632037592
0.1112126260112915 0.5235982632037592
0.07038211096104688 0.5375331222867766
0.06808025000000001 0.5605705251849105
0.142857 0.515625
0.17412187476580865 0.4955355
0.19049810668053913 0.49620282850311015
0.18094972979593588 0.5162923285031102
0.19534535760382715 0.5311650428330899
0.21250403614533747 0.5210891204085706
0.21052343203849827 0.53529450623544
0.15371524894060273 0.503348
0.15371524894060273 0.527902
0.015625 0.587054
0.0 0.587054
0.127232 0.571429
0.1273927632037593 0.5559647632037592
0.11782752804554372 0.6162304906514854
0.1067789845895039 0.6272790341075252
0.1097113696318806 0.6045746303681194
0.055803500000000006 0.571429
0.06808025000000001 0.5894583701760231
0.04352675 0.5894583701760231
0.13180845654396023 0.5981025434560397
0.1288760715015835 0.6208069471954456
0.11618345654396023 0.5824775434560397
0.2400123738333238 0.5154517511800363
0.22355254093150417 0.510040538282793
0.2358828041848194 0.5002737056519085
0.16476375372676944 0.5324784178742225
0.17915938153466068 0.5473511322042021
0.18113998564149988 0.5331457463773326
0.18373587674849398 0.5583997143299796
0.08621715474387606 0.6948074589361547
0.06808025000000001 0.703427729036511
0.07394040474387606 0.6839491879726657
0.13180845654396023 0.5824775434560397
0.1288760715015835 0.6364319471954456
0.142857 0.618304
0.142857 0.587054
0.1318084952138333 0.43961958212577756
0.1318084952138333 0.45524458212577756
0.20837446649683306 0.5059110748804428
0.20154661146670583 0.4851542463773326
0.142857 0.444196
0.158482 0.444196
0.158482 0.428571
0.26562475 0.571429
0.24999106297611434 0.5564305758871458
0.27008031297611435 0.5564305758871458
0.2590404952138333 0.43961958212577756
0.2525684856414999 0.4617167463773326
0.2479919904276666 0.4506681642515551
0.17888862582520593 0.4520085
0.19302593332736223 0.44432203728843556
0.19780755915256815 0.46775953728843556
0.189732 0.428571
0.20865093332736223 0.44432203728843556
0.21568391896886208 0.4774677836657682
0.27008031297611435 0.5408055758871458
0.2746654952138333 0.47086958212577756
0.2636169904276666 0.4819181642515551
0.285714 0.475446
0.30612062582520594 0.4676335
0.30612062582520594 0.4832585
0.23047147606916646 0.4838139106288878
0.2469313089709861 0.489225123526131
0.21651955529000427 0.5483237919054603
0.19936087674849398 0.5583997143299796
0.26902831854331954 0.49837795927457584
0.25339463151943387 0.5235585351617218
0.26902831854331954 0.5229319592745758
0.285714 0.515625
0.31697887476580866 0.4955355
0.3333551066805391 0.49620282850311015
0.32380672979593583 0.5162923285031102
0.33820235760382716 0.5311650428330897
0.35536103614533743 0.5210891204085706
0.3533804320384983 0.53529450623544
0.29657224894060275 0.503348
0.29657224894060275 0.527902
0.38286937383332376 0.5154517511800363
0.36640954093150413 0.510040538282793
0.37873980418481934 0.5002737056519085
0.30762075372676945 0.5324784178742223
0.3220163815346607 0.547351132204202
0.3239969856414999 0.5331457463773326
0.326592876748494 0.5583997143299795
0.025668040026024054 0.5243398889386285
0.03828298564149986 0.5331457463773326
0.014619535239857354 0.504138471064406
0.0 0.484375
0.038950254786166705 0.5495219430591329
0.04352675 0.5605705251849105
0.0 0.555804
0.07723316308792039 0.6115554570881028
0.05513623085533317 0.5333358536880207
0.011048543456039797 0.6876124565439602
0.01302908127188892 0.6734072116400083
0.024077624727928716 0.6779836681839686
0.189732 0.571429
0.03475678914521749 0.7331345322087819
0.05330055280455437 0.7282669284984165
0.056807341949771856 0.7471154607071985
0.11468272244693482 0.7005572081313193
0.10184215474387606 0.6948074589361547
0.10491787719081087 0.681078667067474
0.142857 0.40848175
0.23320443332736224 0.44432203728843556
0.22991050000000002 0.428571
0.22673242375502878 0.4664192015399906
0.2746654952138333 0.45524458212577756
0.270089 0.428571
0.2746654952138333 0.43961958212577756
0.351231466496833 0.5059110748804428
0.3444036114667058 0.4851542463773326
0.285714 0.444196
0.301339 0.444196
0.301339 0.428571
0.40848175 0.571429
0.3928480629761143 0.5564305758871458
0.4129373129761143 0.5564305758871458
0.4018974952138333 0.43961958212577756
0.3954254856414998 0.4617167463773326
0.3908489904276665 0.4506681642515551
0.32174562582520594 0.4520085
0.3358829333273622 0.44432203728843556
0.3406645591525681 0.46775953728843556
0.332589 0.428571
0.3515079333273622 0.44432203728843556
0.3585409189688621 0.4774677836657682
0.4129373129761143 0.5408055758871458
0.4175224952138333 0.47086958212577756
0.4064739904276665 0.4819181642515551
0.428571 0.475446
0.4489775945132929 0.4676335
0.4489775945132929 0.4832585
0.3733284760691664 0.4838139106288878
0.38978830897098604 0.489225123526131
0.3593765552900043 0.5483237919054603
0.342217876748494 0.5583997143299795
0.4118853185433195 0.49837795927457584
0.3962516315194338 0.5235585351617218
0.4118853185433195 0.5229319592745758
0.428571 0.515625
0.4598360473068079 0.4955355
0.4762124206891337 0.49620267382415917
0.4666642789693557 0.5162921738241593
0.5093350697340975 0.5101081346626148
0.4982865262780576 0.5211566781186547
0.49408919580772137 0.5059108041922786
0.439429452793515 0.503348
0.439429452793515 0.527902
0.5221031523516815 0.5007791303681194
0.5263004828220178 0.5160250042944955
0.45047799624955476 0.5324784565439602
0.4810597913125277 0.5311647693289656
0.4648735085927267 0.5473510520487666
0.46685436963188054 0.5331456303681195
0.4694499651366869 0.5583995955048063
0.23660880529000428 0.5483237919054603
0.22544625000000001 0.571429
0.332589 0.571429
0.04253057924332225 0.6464219114977656
0.05357912269936205 0.6353733680417258
0.06551719580772133 0.6487688041922787
0.06618461963188058 0.6226040005441426
0.08761428271980096 0.626671717280199
0.09573044113346407 0.6383275775635651
0.08432152437575663 0.6565245893042742
0.07327298091971683 0.6675731327603139
0.142857 0.65401825
0.1288760715015835 0.6565211971954457
0.10348622624545956 0.6571319061316003
0.09805550934851459 0.7393154719544563
0.11618345654396023 0.7253345434560398
0.11632679394851833 0.6628816553267649
0.13030772244693484 0.6804679581313193
0.13030772244693484 0.7005572081313193
0.127232 0.714286
0.11782752804554372 0.7590874906514854
0.1067789845895039 0.7701360341075252
0.1097113696318806 0.7474316303681194
0.05741465877709805 0.7662801625769013
0.05251632961823373 0.7854382376786317
0.03336524913157065 0.7711411395192942
0.13180845654396023 0.7409595434560398
0.1288760715015835 0.7636639471954456
0.08700696589247475 0.7503640154104961
0.08621715474387606 0.8376644589361547
0.06808025000000001 0.846284729036511
0.07394040474387606 0.8268061879726657
0.13180845654396023 0.7253345434560398
0.1288760715015835 0.7792889471954456
0.142857 0.761161
0.142857 0.729911
0.142857 0.6941967499999999
0.3760614333273622 0.44432203728843556
0.37276750000000003 0.428571
0.3695894237550288 0.4664192015399906
0.4175224952138333 0.45524458212577756
0.412946 0.428571
0.4175224952138333 0.43961958212577756
0.4872609641451735 0.4851541303681194
0.428571 0.444196
0.444196 0.444196
0.444196 0.428571
0.5161862827198009 0.483813717280199
0.5331516958077214 0.4897305869120796
0.5447554565439602 0.4396195434560398
0.5382833696318805 0.4617166303681194
0.5337069130879204 0.4506680869120796
0.4646025945132929 0.4520085
0.4787401220578306 0.4443221434920677
0.4835217165711235 0.4677596434920677
0.475446 0.428571
0.4943651220578306 0.4443221434920677
0.5013984916897112 0.47746777386018713
0.5493319130879204 0.4819180869120796
0.5552487827198009 0.49888350000000004
0.5603804565439602 0.4708695434560398
0.571429 0.475446
0.5918356258252059 0.4676335
0.5918356258252059 0.4832585
0.5023017001022169 0.5483915042944955
0.5223912001022168 0.5483915042944955
0.5111605 0.571429
0.5558329717114143 0.5564790660685732
0.5513395 0.571429
0.5357434717114142 0.5564790660685732
0.571429 0.515625
0.5552487827198009 0.5234375
0.6026938747658086 0.4955355
0.6190701066805391 0.49620282850311015
0.6095217297959358 0.5162923285031102
0.6521923466025468 0.5101083434791988
0.64114384181638 0.5211569256049763
0.636946466496833 0.5059110748804428
0.5822872489406026 0.503348
0.5822872489406026 0.527902
0.5396527544312153 0.5241125660685733
0.5558329717114143 0.5408540660685732
0.49630566523890374 0.5353620997993018
0.4850749651366869 0.5583995955048063
0.6649603484490321 0.5007792463773326
0.6691577237685791 0.5160250971018661
0.5933357537267694 0.5324784178742223
0.623917357603827 0.5311650428330899
0.6077313815346607 0.547351132204202
0.6097119856414999 0.5331457463773326
0.612307876748494 0.5583997143299796
0.5268846718136311 0.5334415703630687
0.3794658052900043 0.5483237919054603
0.36830325 0.571429
0.475446 0.571429
0.2410643682661186 0.5333253677926062
0.0283253343393704 0.6484024493136147
0.040263407447729695 0.6617978854641675
0.015296253067481478 0.6424062376736064
0.0 0.6272325
0.014233459986353164 0.7924711073105123
0.0 0.7745537499999999
0.014233459986353164 0.7723818573105123
0.055803500000000006 0.714286
0.041845423933297474 0.9367826392977335
0.04919256264176215 0.9232954102900806
0.11468272244693482 0.8434142081313193
0.10184215474387606 0.8376644589361547
0.10491787719081087 0.823935667067474
0.5189191220578306 0.4443221434920677
0.515625 0.428571
0.512447035145751 0.46641923040414734
0.5603804565439602 0.4552445434560398
0.555804 0.428571
0.5603804565439602 0.4396195434560398
0.6301186114667058 0.4851542463773326
0.571429 0.444196
0.587054 0.444196
0.587054 0.428571
0.6590434760691665 0.4838139106288877
0.6760088532351988 0.48973066425155504
0.6876124952138333 0.43961958212577756
0.6811404856414999 0.4617167463773326
0.6765639904276666 0.4506681642515551
0.6074606258252059 0.4520085
0.6215979333273622 0.44432203728843556
0.626379559152568 0.46775953728843556
0.618304 0.428571
0.6372229333273622 0.44432203728843556
0.6442559189688621 0.4774677836657682
0.6921889904276666 0.4819181642515551
0.6981058628075322 0.4988834999999999
0.7032374952138333 0.45524458212577756
0.6921889904276666 0.4662931642515551
0.714286 0.475446
0.7346926258252059 0.4676335
0.7346926258252059 0.4832585
0.6451593609610469 0.548391597101866
0.6652486109610469 0.548391597101866
0.65401825 0.571429
0.6986900608862993 0.5564791088282456
0.6941967499999999 0.571429
0.6786008108862993 0.5564791088282456
0.714286 0.515625
0.6981058628075322 0.5234375
0.7455508747658086 0.4955355
0.7619271066805391 0.49620282850311015
0.7523787297959358 0.5162923285031102
0.7950493466025468 0.5101083434791988
0.78400084181638 0.5211569256049763
0.779803466496833 0.5059110748804428
0.7251442489406026 0.503348
0.7251442489406026 0.527902
0.6825099236938315 0.5241126088282455
0.6986900608862993 0.5408541088282456
0.6391632377095409 0.5353623114318458
0.627932876748494 0.5583997143299796
0.8078173484490321 0.5007792463773326
0.8120147237685791 0.5160250971018661
0.7361927537267694 0.5324784178742223
0.7667743576038271 0.5311650428330899
0.7505883815346607 0.547351132204202
0.7525689856414999 0.5331457463773326
0.755164876748494 0.5583997143299796
0.6697419218473462 0.5334417059301118
0.618304 0.571429
0.38392136826611856 0.5333253677926062
0.07595842243643494 0.7614125588665359
0.08761428271980096 0.769528717280199
0.05513607617584078 0.6761934028606702
0.03828286963188057 0.6760031303681194
0.06551719580772133 0.7916258041922787
0.04146778616219394 0.7964867811346715
0.09573044113346407 0.7811845775635651
0.02528200344239296 0.8126725638544725
0.011048543456039797 0.8304694565439602
0.014233459986353164 0.8080961073105123
0.015625000000000003 0.73437525
0.0 0.73437525
0.015625000000000003 0.714286
0.019131789145217487 0.753223782208782
0.01302908127188892 0.6577822116400083
0.0 0.667411
0.011048543456039797 0.7032374565439602
0.0 0.698661
0.0 0.810268
0.03828286963188057 0.8188601303681194
0.08432152437575663 0.7993815893042742
0.07327298091971683 0.810430132760314
0.015625 0.872768
0.0 0.872768
0.0389502934560398 0.8352361855804712
0.04352675 0.846284729036511
0.0 0.841518
0.06618461963188058 0.8986401870113365
0.07723316308792039 0.8875916435552966
0.08761428271980096 0.912385717280199
0.05513607617584078 0.8190504028606702
0.10513491308792039 0.8792400869120796
0.08950991308792039 0.8792400869120796
0.09598200000000001 0.857143
0.11782752804554372 0.9019444906514854
0.1067789845895039 0.9129930341075252
0.1097113696318806 0.8902886303681194
0.011048543456039797 0.9733264565439602
0.0 0.953125
0.011048543456039797 0.9577014565439602
0.03758323646592138 0.8791012364659214
0.10348622624545956 0.7999889061316003
0.142857 0.79687525
0.1288760715015835 0.7993781971954457
0.11632679394851833 0.8057386553267649
0.13030772244693484 0.8233249581313193
0.13030772244693484 0.8434142081313193
0.127232 0.857143
0.13180845654396023 0.8838165434560398
0.1288760715015835 0.9065209471954456
0.11618345654396023 0.8681915434560398
0.12342847501277107 0.9606849268699933
0.142857 0.9799107499999999
0.12342847501277107 0.9807741768699932
0.13180845654396023 0.8681915434560398
0.1288760715015835 0.9221459471954456
0.142857 0.904018
0.142857 0.872768
0.142857 0.8370537499999999
0.6617764333273621 0.44432203728843556
0.6584825 0.428571
0.6553044237550287 0.4664192015399906
0.698661 0.428571
0.7032374952138333 0.43961958212577756
0.7729756114667058 0.4851542463773326
0.714286 0.444196
0.729911 0.444196
0.729911 0.428571
0.8019004760691665 0.4838139106288877
0.8188658532351988 0.48973066425155504
0.8304694952138333 0.43961958212577756
0.8239974856414999 0.4617167463773326
0.8194209904276666 0.4506681642515551
0.7503176258252059 0.4520085
0.7644549333273623 0.44432203728843556
0.7692365591525681 0.46775953728843556
0.761161 0.428571
0.7800799333273623 0.44432203728843556
0.7871129189688622 0.4774677836657682
0.8350459904276666 0.4819181642515551
0.8409628628075322 0.4988834999999999
0.8460944952138333 0.45524458212577756
0.8350459904276666 0.4662931642515551
0.857143 0.475446
0.8775496258252059 0.4676335
0.8775496258252059 0.4832585
0.7880163609610469 0.548391597101866
0.8081056109610469 0.548391597101866
0.79687525 0.571429
0.8415470608862993 0.5564791088282456
0.8370537499999999 0.571429
0.8214578108862993 0.5564791088282456
0.857143 0.515625
0.8409628628075322 0.5234375
0.8884078747658086 0.4955355
0.9047841066805391 0.49620282850311015
0.8952357297959358 0.5162923285031102
0.92685784181638 0.5211569256049763
0.922660466496833 0.5059110748804428
0.9379063466025468 0.5101083434791988
0.8680012489406026 0.503348
0.8680012489406026 0.527902
0.8253669236938315 0.5241126088282455
0.8415470608862993 0.5408541088282456
0.7820202377095409 0.5353623114318458
0.770789876748494 0.5583997143299796
0.9506743484490321 0.5007792463773326
0.9548717237685791 0.5160250971018661
0.8790497537267694 0.5324784178742223
0.857143 0.587054
0.9022316297861668 0.5481333805188489
0.8954259856414999 0.5331457463773326
0.9184176058553332 0.5319472911477366
0.9874507224469349 0.6804679581313193
0.9699163930747284 0.666837096039312
0.9824656706277937 0.6604766379079927
0.8125989218473462 0.5334417059301118
0.8960932547861666 0.5603804178742224
0.90066975 0.571429
0.9171892446318806 0.6263379213752345
0.9226601958077213 0.6487688041922787
0.9061407011758408 0.6373864648312744
0.9310834047438761 0.6839491879726657
0.943360154743876 0.6948074589361547
0.9252232499999999 0.703427729036511
0.8681915434560398 0.6876124565439602
0.857143 0.667411
0.8681915434560398 0.6719874565439602
0.906808125 0.593192291007115
0.761161 0.571429
0.055803500000000006 0.857143
0.04985998646592138 0.8874527931091385
0.04352675 0.8654945566432171
0.06551719580772133 0.9344828041922787
0.06024110609780194 0.9122468668340409
0.0646718926894877 0.9857665400136468
0.0847611426894877 0.9857665400136468
0.08258925 1.0
0.08542186770225876 0.9665407168836401
0.10333922501277107 0.9807741768699932
0.8046334333273621 0.44432203728843556
0.8013395 0.428571
0.7981614237550287 0.4664192015399906
0.841518 0.428571
0.8460944952138333 0.43961958212577756
0.9158326114667058 0.4851542463773326
0.857143 0.444196
0.9447574760691665 0.4838139106288877
0.9617228532351988 0.48973066425155504
0.8838165434560399 0.41752245654396014
0.8994415434560399 0.41752245654396014
0.904018 0.428571
0.872768 0.444196
0.872768 0.428571
0.9733264952138333 0.43961958212577756
0.9668544856414999 0.4617167463773326
0.9622779904276666 0.4506681642515551
0.9073119333273623 0.44432203728843556
0.9120935591525681 0.46775953728843556
0.8931746258252059 0.4520085
0.984375 0.412946
1.0 0.412946
0.984375 0.428571
0.8902886303681194 0.3954253696318806
0.8821724719544564 0.3837695093485145
0.8932210154104961 0.3727209658924747
0.912385717280199 0.373328282719801
0.9293511303681194 0.37924515235168155
0.9183025869120796 0.3902936958077214
0.8681915434560399 0.40189745654396014
0.8711239284984165 0.37919305280455434
0.9104900869120796 0.40647391308792036
0.9137828452561239 0.3051925410638453
0.93191975 0.29657227096348904
0.9260595952561239 0.3160508120273343
0.8681915434560399 0.41752245654396014
0.857143 0.381696
0.8711239284984165 0.36356805280455434
0.857143 0.412946
0.9229369333273623 0.44432203728843556
0.9299699189688622 0.4774677836657682
0.9779029904276666 0.4819181642515551
0.9838198628075322 0.4988834999999999
0.9622779130879204 0.5935260869120795
0.9733264565439602 0.5824775434560397
0.9668543696318805 0.6045746303681194
0.9889514952138333 0.45524458212577756
0.9779029904276666 0.4662931642515551
0.9838198628075322 0.5189729999999999
0.9849279187727333 0.5356484692724537
0.9687477815802654 0.5233714692724536
0.9313616250000001 0.5591819626446264
0.9475395437727333 0.5434909319170801
0.9536779187727333 0.5557379692724536
1.0 0.5111605
0.919084875 0.5849076549100145
0.9129465 0.6066709459171296
0.9336634859610469 0.5361445597464926
0.9559797797337801 0.5327005663743197
0.9693029187727333 0.5557379692724536
0.9849279187727333 0.5557379692724536
0.984375 0.571429
0.9252232499999999 0.571429
0.919084875 0.5591819626446264
0.953125 0.571429
0.9466529130879204 0.5935260869120795
0.8935258978602965 0.6285806173780508
0.8717625228602963 0.6224423263709358
0.0256596412134965 0.9529684220175345
0.03828286963188057 0.9617171303681195
0.014611097757456702 0.9327669654735743
0.0 0.9129465
0.10944754651435457 0.9430986240654389
0.09028284464465164 0.9424913072381127
0.09573044113346407 0.9240415775635651
0.06065621886532847 0.9585322138378061
0.0444704361455275 0.974717996557607
0.0 0.984375
0.049046892689487705 0.9857665400136468
0.06808025000000001 0.8654945566432171
0.12276775000000001 1.0
0.142857 0.93973225
0.1288760715015835 0.9422351971954457
0.046875 1.0
0.9156784756242433 0.34347541069572585
0.9267270190802832 0.33242686723968606
0.07170476232136827 0.9474836703817663
0.9474904333273622 0.44432203728843556
0.9410184237550288 0.4664192015399906
1.0 0.37276750000000003
0.9842765890327894 0.38504425
0.9842765890327894 0.36049074999999997
0.9652432108547825 0.26686546779121806
0.9466994471954456 0.27173307150158355
0.9431926580502281 0.2528845392928015
0.8853172775530651 0.2994427918686807
0.8981578452561239 0.3051925410638453
0.8950821228091891 0.318921332932526
0.9441965 0.428571
0.9889514952138333 0.43961958212577756
1.0 0.475446
1.0 0.444196
0.9686515890327894 0.40066925
0.9889514565439602 0.3123875434560398
0.986970918728111 0.32659278835999167
0.9759223752720714 0.3220163318160315
0.9597365925522703 0.33820211453583243
0.9712475077609004 0.3544945383599917
0.9274555 0.412390782719801
0.952009 0.412390782719801
0.9042695588665359 0.36167242243643494
0.9519105890327892 0.38448903271980095
0.931361625 0.5849076549100145
0.8989968490361371 0.6510115001950949
0.9405145380879203 0.6070047418220941
0.9294659946318805 0.618053285278134
0.944757282719801 0.626671717280199
0.9493200402596742 0.6422830182761121
0.9570758253716696 0.6610873468441474
0.9414645243757566 0.6565245893042742
0.9304159809197168 0.6675731327603139
0.953125 0.714286
0.9622779130879204 0.7363830869120795
0.9466529130879204 0.7363830869120795
0.960368583715714 0.6312344748200722
0.958985154743876 0.6948074589361547
0.9779029130879204 0.6247760869120795
0.9824656706277937 0.6403873879079927
0.9889514565439602 0.5981025434560397
0.9779029130879204 0.6091510869120795
0.984375 0.714286
0.9718257224469349 0.7005572081313193
0.9874507224469349 0.7005572081313193
0.9620608771908108 0.681078667067474
1.0 0.65401825
0.872768 0.729911
0.857143 0.729911
0.9749705280455436 0.7590874906514854
0.9639219845895038 0.7701360341075252
0.9668543696318805 0.7474316303681194
0.9129465 0.714286
0.9252232499999999 0.7323153701760231
0.90066975 0.7323153701760231
0.9889514565439602 0.7409595434560398
0.9860190715015835 0.7636639471954456
0.9733264565439602 0.7253345434560398
0.943360154743876 0.8376644589361547
0.9252232499999999 0.846284729036511
0.9310834047438761 0.8268061879726657
0.9889514565439602 0.7253345434560398
0.9860190715015835 0.7792889471954456
1.0 0.761161
1.0 0.729911
1.0 0.6941967499999999
0.857143 0.34598175
0.8711239284984165 0.34347880280455434
0.8965137737545404 0.34286809386839967
0.9019444906514854 0.26068452804554376
0.8838165434560398 0.27466545654396024
0.8836732060514817 0.33711834467323504
0.8696922775530651 0.31953204186868067
0.8696922775530651 0.2994427918686807
0.872768 0.285714
0.8821724719544564 0.2409125093485146
0.8932210154104961 0.22986396589247476
0.8902886303681194 0.2525683696318806
0.9425853412229019 0.2337198374230986
0.9474836703817663 0.2145617623213683
0.9666347508684293 0.22885886048070575
0.8681915434560398 0.25904045654396024
0.8711239284984165 0.2363360528045544
0.9129930341075252 0.24963598458950392
0.9137828452561239 0.1623355410638453
0.93191975 0.15371527096348903
0.9260595952561239 0.1731938120273343
0.8681915434560398 0.27466545654396024
0.8711239284984165 0.2207110528045544
0.857143 0.23883900000000002
0.857143 0.270089
0.857143 0.30580325
0.9889514565439602 0.5824775434560397
1.0 0.618304
1.0 0.587054
0.8828110663163362 0.667197282914896
0.8954258696318805 0.6760031303681194
0.8717625228602963 0.6469958263709357
0.857143 0.6272325
0.8960932934560397 0.6923791855804712
0.90066975 0.703427729036511
0.857143 0.698661
0.9343761630879204 0.7544124570881028
0.9122790761758408 0.6761934028606702
0.8681915434560398 0.8304694565439602
0.8701720812718889 0.8162642116400083
0.8812206247279286 0.8208406681839686
0.8918997891452174 0.8759915322087819
0.9104435528045544 0.8711239284984165
0.9139503419497719 0.8899724607071985
0.9718257224469349 0.8434142081313193
0.958985154743876 0.8376644589361547
0.9620608771908108 0.823935667067474
0.9857665400136468 0.2075288926894877
1.0 0.22544625000000001
0.9857665400136468 0.2276181426894877
0.9441965 0.285714
0.9581545760667025 0.06321736070226651
0.9508074373582378 0.0767045897099194
0.8853172775530651 0.15658579186868068
0.8981578452561239 0.1623355410638453
0.8950821228091891 0.17606433293252596
1.0 0.5513395
0.8996735792433221 0.7892789114977656
0.910722122699362 0.7782303680417259
0.9226601958077213 0.7916258041922787
0.9233276196318805 0.7654610005441426
0.944757282719801 0.769528717280199
0.9528734411334641 0.7811845775635651
0.9414645243757566 0.7993815893042742
0.9304159809197168 0.810430132760314
1.0 0.79687525
0.9860190715015835 0.7993781971954457
0.9606292262454594 0.7999889061316003
0.9551985093485146 0.8821724719544564
0.9733264565439602 0.8681915434560398
0.9734697939485183 0.8057386553267649
0.9874507224469349 0.8233249581313193
0.9874507224469349 0.8434142081313193
0.984375 0.857143
0.9749705280455436 0.9019444906514854
0.9639219845895038 0.9129930341075252
0.9668543696318805 0.8902886303681194
0.914557658777098 0.9091371625769014
0.9096593296182337 0.9282952376786318
0.8905082491315706 0.9139981395192942
0.9889514565439602 0.8838165434560398
0.9860190715015835 0.9065209471954456
0.9441499658924748 0.8932210154104961
0.980571475012771 0.9606849268699933
1.0 0.9799107499999999
0.980571475012771 0.9807741768699932
0.9889514565439602 0.8681915434560398
0.9860190715015835 0.9221459471954456
1.0 0.904018
1.0 0.872768
1.0 0.8370537499999999
0.9240415775635651 0.23858744113346408
0.912385717280199 0.230471282719801
0.9448639238241592 0.3238065971393298
0.9617171303681195 0.32399686963188057
0.9344828041922787 0.20837419580772137
0.9585322138378061 0.2035132188653285
0.9042695588665359 0.21881542243643495
0.974717996557607 0.18732743614552752
0.9889514565439602 0.1695305434560398
0.9857665400136468 0.1919038926894877
0.984375 0.26562475
1.0 0.26562475
0.984375 0.285714
0.9808682108547825 0.24677621779121806
0.986970918728111 0.34221778835999167
1.0 0.332589
0.9889514565439602 0.2967625434560398
1.0 0.301339
1.0 0.189732
0.9617171303681195 0.18113986963188058
0.9156784756242433 0.20061841069572586
0.9267270190802832 0.18956986723968605
0.984375 0.127232
1.0 0.127232
0.9610497065439603 0.1647638144195288
0.9564732499999999 0.15371527096348903
1.0 0.158482
0.9338153803681195 0.10135981298866348
0.9227668369120796 0.11240835644470332
0.912385717280199 0.08761428271980096
0.9448639238241592 0.1809495971393298
0.8948650869120796 0.12075991308792039
0.9104900869120796 0.12075991308792039
0.904018 0.142857
0.8821724719544564 0.09805550934851459
0.8932210154104961 0.08700696589247475
0.8902886303681194 0.1097113696318806
0.9889514565439602 0.026673543456039797
1.0 0.046875
0.9889514565439602 0.0422985434560398
0.9624167635340786 0.12089876353407863
0.8965137737545404 0.20001109386839966
0.857143 0.20312475000000002
0.8711239284984165 0.20062180280455438
0.8836732060514817 0.19426134467323505
0.8696922775530651 0.1766750418686807
0.8696922775530651 0.15658579186868068
0.872768 0.142857
0.8681915434560398 0.11618345654396023
0.8711239284984165 0.09347905280455437
0.8838165434560398 0.13180845654396023
0.876571524987229 0.03931507313000676
0.857143 0.020089250000000003
0.876571524987229 0.01922582313000676
0.8681915434560398 0.13180845654396023
0.8711239284984165 0.07785405280455437
0.857143 0.09598200000000001
0.857143 0.127232
0.857143 0.16294625000000001
0.8854683343393703 0.7912594493136147
0.8974064074477297 0.8046548854641675
0.8724392530674814 0.7852632376736064
0.857143 0.7700895
0.8713764599863532 0.9353281073105123
0.857143 0.9174107499999999
0.8713764599863532 0.9152388573105124
0.9129465 0.857143
0.9218148926894877 0.9857665400136468
0.9419041426894876 0.9857665400136468
0.93973225 1.0
0.9425648677022587 0.9665407168836401
0.960482225012771 0.9807741768699932
0.9441965 0.142857
0.9501400135340786 0.11254720689086156
0.9564732499999999 0.13450544335678294
0.9344828041922787 0.06551719580772133
0.9397588939021981 0.0877531331659592
0.9353281073105123 0.014233459986353164
0.9152388573105124 0.014233459986353164
0.9174107499999999 0.0
0.9145781322977413 0.03345928311635992
0.896660774987229 0.01922582313000676
0.9331014224364349 0.9042695588665359
0.944757282719801 0.912385717280199
0.9122790761758408 0.8190504028606702
0.8954258696318805 0.8188601303681194
0.9226601958077213 0.9344828041922787
0.8986107861621939 0.9393437811346715
0.9528734411334641 0.9240415775635651
0.8824250034423929 0.9555295638544725
0.8681915434560398 0.9733264565439602
0.8713764599863532 0.9509531073105123
0.872768 0.87723225
0.857143 0.87723225
0.872768 0.857143
0.8762747891452174 0.896080782208782
0.8701720812718889 0.8006392116400083
0.857143 0.810268
0.8681915434560398 0.8460944565439602
0.857143 0.841518
0.857143 0.953125
0.8954258696318805 0.9617171303681195
0.9665905465143545 0.9430986240654389
0.9474258446446515 0.9424913072381127
0.9177992188653284 0.9585322138378061
0.9016134361455275 0.974717996557607
0.857143 0.984375
0.9061898926894877 0.9857665400136468
0.9799107499999999 1.0
1.0 0.93973225
0.9860190715015835 0.9422351971954457
0.904018 1.0
0.9288477623213682 0.9474836703817663
0.9743403587865036 0.04703157798246553
0.9617171303681195 0.03828286963188057
0.9853889022425433 0.06723303452642573
1.0 0.0870535
0.8905524534856455 0.05690137593456113
0.9097171553553485 0.057508692761887324
0.9042695588665359 0.07595842243643494
0.9393437811346715 0.04146778616219394
0.9555295638544725 0.02528200344239296
1.0 0.015625
0.9509531073105123 0.014233459986353164
0.93191975 0.13450544335678294
0.87723225 0.0
0.857143 0.06026775000000001
0.8711239284984165 0.05776480280455437
0.953125 0.0
0.9282952376786318 0.05251632961823373
#Elem List - material/type/n of nodes/list of nodes
0 1 6 58 52 53 441 442 440
0 1 6 65 64 91 444 445 443
0 1 6 56 40 53 447 448 446
0 1 6 72 50 67 450 451 449
0 1 6 76 79 8 453 454 452
0 1 6 56 55 40 456 446 455
0 1 6 47 4 44 458 459 457
0 1 6 66 54 58 461 462 460
0 1 6 73 76 8 454 464 463
0 1 6 44 46 41 466 467 465
0 1 6 121 123 21 469 470 468
0 1 6 55 56 45 471 472 455
0 1 6 59 60 56 474 475 473
0 1 6 139 141 22 477 478 476
0 1 6 47 44 55 479 480 459
0 1 6 101 104 12 482 483 481
0 1 6 63 45 61 485 486 484
0 1 6 143 145 20 488 489 487
0 1 6 174 208 147 491 492 490
0 1 6 109 104 101 481 494 493
0 1 6 56 53 59 495 475 448
0 1 6 177 179 233 497 498 496
0 1 6 308 246 282 500 501 499
0 1 6 61 45 56 471 502 485
0 1 6 209 237 279 504 505 503
0 1 6 45 47 55 480 472 506
0 1 6 66 43 42 508 509 507
0 1 6 22 137 139 511 478 510
0 1 6 240 243 32 513 514 512
0 1 6 52 59 53 495 441 515
0 1 6 90 89 62 517 518 516
0 1 6 309 312 36 520 521 519
0 1 6 73 75 49 523 524 522
0 1 6 43 41 42 526 508 525
0 1 6 116 121 21 470 528 527
0 1 6 52 69 57 530 531 529
0 1 6 165 167 23 533 534 532
0 1 6 58 51 52 536 440 535
0 1 6 62 63 91 538 539 537
0 1 6 426 429 3 541 542 540
0 1 6 44 4 46 543 465 458
0 1 6 43 44 41 467 525 544
0 1 6 40 43 53 546 447 545
0 1 6 200 203 24 548 549 547
0 1 6 390 7 387 551 552 550
0 1 6 0 54 66 460 554 553
0 1 6 380 345 347 556 557 555
0 1 6 63 62 45 558 484 537
0 1 6 291 325 326 560 561 559
0 1 6 405 364 384 563 564 562
0 1 6 48 72 67 451 566 565
0 1 6 269 272 26 568 569 567
0 1 6 63 65 91 445 538 570
0 1 6 408 425 393 572 573 571
0 1 6 92 74 97 575 576 574
0 1 6 225 228 25 578 579 577
0 1 6 47 50 4 581 457 580
0 1 6 24 197 200 583 549 582
0 1 6 44 43 40 545 584 544
0 1 6 329 275 272 586 587 585
0 1 6 361 368 402 589 590 588
0 1 6 55 44 40 584 456 479
0 1 6 222 225 25 579 592 591
0 1 6 50 47 67 593 450 580
0 1 6 403 414 435 595 596 594
0 1 6 60 61 56 502 474 597
0 1 6 38 417 420 599 600 598
0 1 6 373 410 371 602 603 601
0 1 6 52 57 59 604 515 531
0 1 6 54 51 58 535 461 605
0 1 6 60 5 61 607 597 606
0 1 6 359 30 357 609 610 608
0 1 6 266 269 26 569 612 611
0 1 6 68 69 52 529 614 613
0 1 6 59 57 60 615 473 604
0 1 6 167 169 23 617 533 616
0 1 6 61 5 63 618 486 607
0 1 6 66 53 43 546 507 619
0 1 6 63 5 65 620 570 618
0 1 6 66 42 0 621 554 509
0 1 6 53 66 58 462 442 619
0 1 6 89 67 47 593 623 622
0 1 6 90 48 67 566 625 624
0 1 6 70 57 69 530 627 626
0 1 6 52 51 68 628 614 536
0 1 6 68 1 69 630 613 629
0 1 6 69 1 70 631 627 630
0 1 6 81 74 94 633 634 632
0 1 6 96 93 92 636 637 635
0 1 6 73 72 48 565 639 638
0 1 6 50 72 49 640 641 449
0 1 6 72 73 49 524 640 638
0 1 6 90 92 48 643 624 642
0 1 6 99 77 105 645 646 644
0 1 6 73 97 76 648 463 647
0 1 6 73 8 75 649 522 464
0 1 6 77 79 80 651 652 650
0 1 6 97 73 48 639 653 647
0 1 6 86 88 127 655 656 654
0 1 6 82 98 81 658 659 657
0 1 6 82 78 80 661 662 660
0 1 6 80 78 105 663 664 661
0 1 6 79 76 80 665 651 452
0 1 6 98 80 76 665 667 666
0 1 6 82 81 84 668 669 659
0 1 6 93 94 74 633 671 670
0 1 6 98 82 80 662 666 657
0 1 6 84 81 83 672 673 668
0 1 6 87 78 82 660 675 674
0 1 6 81 94 83 676 672 634
0 1 6 87 82 84 669 677 675
0 1 6 13 88 152 679 680 678
0 1 6 84 83 85 681 682 673
0 1 6 12 100 101 684 483 683
0 1 6 86 108 152 686 687 685
0 1 6 106 110 109 689 690 688
0 1 6 152 108 87 691 692 686
0 1 6 152 84 85 682 694 693
0 1 6 47 45 89 695 623 506
0 1 6 62 89 45 695 558 517
0 1 6 89 90 67 625 622 516
0 1 6 91 90 62 518 539 696
0 1 6 90 91 92 697 642 696
0 1 6 91 64 71 698 699 444
0 1 6 74 92 93 636 671 574
0 1 6 96 91 71 699 701 700
0 1 6 93 96 9 702 703 635
0 1 6 95 83 94 676 705 704
0 1 6 93 9 94 706 670 703
0 1 6 94 9 95 707 705 706
0 1 6 91 96 92 637 697 700
0 1 6 9 96 71 701 708 702
0 1 6 92 97 48 653 643 576
0 1 6 74 76 97 648 575 709
0 1 6 76 74 98 710 667 709
0 1 6 81 98 74 710 632 658
0 1 6 108 100 78 712 713 711
0 1 6 100 12 99 714 715 683
0 1 6 105 100 99 715 646 716
0 1 6 111 107 114 718 719 717
0 1 6 100 106 101 721 684 720
0 1 6 109 111 102 723 724 722
0 1 6 111 115 102 726 723 725
0 1 6 143 144 103 728 729 727
0 1 6 80 105 77 645 652 664
0 1 6 106 109 101 494 721 690
0 1 6 100 105 78 663 712 716
0 1 6 108 86 106 730 731 685
0 1 6 152 88 86 654 687 679
0 1 6 127 107 86 733 656 732
0 1 6 104 109 142 734 735 493
0 1 6 78 87 108 691 713 674
0 1 6 100 108 106 731 720 711
0 1 6 106 86 110 736 688 730
0 1 6 142 109 102 724 737 734
0 1 6 86 107 110 738 736 733
0 1 6 111 110 107 738 717 739
0 1 6 110 111 109 722 689 739
0 1 6 114 107 112 740 741 718
0 1 6 107 127 112 742 740 732
0 1 6 112 128 132 744 745 743
0 1 6 115 111 114 719 746 725
0 1 6 113 118 120 748 749 747
0 1 6 149 113 115 751 752 750
0 1 6 113 149 118 753 747 750
0 1 6 114 116 149 755 756 754
0 1 6 173 115 113 751 758 757
0 1 6 114 112 116 759 754 741
0 1 6 148 132 117 761 762 760
0 1 6 150 117 170 764 765 763
0 1 6 112 148 116 767 759 766
0 1 6 145 147 20 769 488 768
0 1 6 21 118 149 753 771 770
0 1 6 124 176 120 773 774 772
0 1 6 145 113 174 776 777 775
0 1 6 124 126 176 779 772 778
0 1 6 118 124 120 774 748 780
0 1 6 136 170 133 782 783 781
0 1 6 148 121 116 527 767 784
0 1 6 117 150 121 785 786 763
0 1 6 150 123 121 468 785 787
0 1 6 178 177 279 789 790 788
0 1 6 118 21 124 791 780 770
0 1 6 125 176 126 779 793 792
0 1 6 124 21 126 794 778 791
0 1 6 88 13 127 795 655 678
0 1 6 128 112 127 742 796 743
0 1 6 133 117 132 761 798 797
0 1 6 127 13 128 799 796 795
0 1 6 131 128 13 799 801 800
0 1 6 22 135 207 803 804 802
0 1 6 154 155 130 806 807 805
0 1 6 128 131 132 808 744 800
0 1 6 131 153 132 810 808 809
0 1 6 153 131 129 811 812 809
0 1 6 153 133 132 798 810 813
0 1 6 207 137 22 510 804 814
0 1 6 130 155 134 815 816 806
0 1 6 134 156 160 818 819 817
0 1 6 133 130 136 821 783 820
0 1 6 170 122 150 823 765 822
0 1 6 130 134 136 824 821 816
0 1 6 207 136 137 826 814 825
0 1 6 136 134 137 827 826 824
0 1 6 171 160 138 829 830 828
0 1 6 172 138 204 832 833 831
0 1 6 134 171 137 835 827 834
0 1 6 164 204 161 837 838 836
0 1 6 171 139 137 511 835 839
0 1 6 138 172 139 840 841 831
0 1 6 172 141 139 476 840 842
0 1 6 143 142 102 737 844 843
0 1 6 104 142 103 845 846 735
0 1 6 142 143 103 729 845 843
0 1 6 145 143 173 847 848 487
0 1 6 143 20 144 849 727 489
0 1 6 174 113 120 749 850 776
0 1 6 173 143 102 844 851 847
0 1 6 147 145 174 777 492 768
0 1 6 237 238 280 853 854 852
0 1 6 132 148 112 766 745 760
0 1 6 121 148 117 762 786 784
0 1 6 114 149 115 752 746 756
0 1 6 21 149 116 755 528 771
0 1 6 133 170 117 764 797 782
0 1 6 123 150 122 823 855 787
0 1 6 307 209 233 857 858 856
0 1 6 185 179 178 860 861 859
0 1 6 84 152 87 692 677 693
0 1 6 13 152 85 694 862 680
0 1 6 154 153 129 812 864 863
0 1 6 133 153 130 865 820 813
0 1 6 156 134 155 815 866 817
0 1 6 153 154 130 807 865 863
0 1 6 154 14 155 868 805 867
0 1 6 161 138 160 829 870 869
0 1 6 155 14 156 871 866 868
0 1 6 159 156 14 871 873 872
0 1 6 23 163 232 875 876 874
0 1 6 187 188 158 878 879 877
0 1 6 156 159 160 880 818 872
0 1 6 159 186 160 882 880 881
0 1 6 186 159 157 883 884 881
0 1 6 186 161 160 870 882 885
0 1 6 232 165 23 534 876 886
0 1 6 158 188 162 887 888 878
0 1 6 162 189 193 890 891 889
0 1 6 161 158 164 893 838 892
0 1 6 204 140 172 895 833 894
0 1 6 158 162 164 896 893 888
0 1 6 232 164 165 898 886 897
0 1 6 164 162 165 899 898 896
0 1 6 205 193 166 901 902 900
0 1 6 194 199 166 904 905 903
0 1 6 162 205 165 907 899 906
0 1 6 194 196 199 909 903 908
0 1 6 205 167 165 532 907 910
0 1 6 166 206 167 912 913 911
0 1 6 206 169 167 616 912 914
0 1 6 122 170 135 915 916 822
0 1 6 160 171 134 834 819 828
0 1 6 139 171 138 830 841 839
0 1 6 161 204 138 832 869 837
0 1 6 141 172 140 895 917 842
0 1 6 115 173 102 851 726 757
0 1 6 113 145 173 848 758 775
0 1 6 119 208 175 919 920 918
0 1 6 175 208 174 490 921 919
0 1 6 174 120 175 922 921 850
0 1 6 176 175 120 922 773 923
0 1 6 175 178 119 925 920 924
0 1 6 176 125 151 926 927 792
0 1 6 175 176 178 928 924 923
0 1 6 182 233 179 497 930 929
0 1 6 185 176 151 927 932 931
0 1 6 177 178 179 860 496 788
0 1 6 179 185 29 933 934 859
0 1 6 182 247 181 936 937 935
0 1 6 307 234 239 939 940 938
0 1 6 182 184 247 942 935 941
0 1 6 182 181 233 943 929 937
0 1 6 248 241 281 945 946 944
0 1 6 179 29 182 947 930 934
0 1 6 183 247 184 942 949 948
0 1 6 182 29 184 950 941 947
0 1 6 176 185 178 861 928 931
0 1 6 29 185 151 932 951 933
0 1 6 187 186 157 884 953 952
0 1 6 161 186 158 954 892 885
0 1 6 189 162 188 887 955 889
0 1 6 186 187 158 879 954 952
0 1 6 187 15 188 957 877 956
0 1 6 194 166 193 901 958 905
0 1 6 188 15 189 959 955 957
0 1 6 192 189 15 959 961 960
0 1 6 194 191 196 963 908 962
0 1 6 212 213 191 965 966 964
0 1 6 189 192 193 967 890 960
0 1 6 192 211 193 969 967 968
0 1 6 211 192 190 970 971 968
0 1 6 211 194 193 958 969 972
0 1 6 196 191 195 973 974 963
0 1 6 191 213 195 975 973 965
0 1 6 195 214 218 977 978 976
0 1 6 168 199 202 980 981 979
0 1 6 231 24 202 983 984 982
0 1 6 196 195 197 985 986 974
0 1 6 229 218 198 988 989 987
0 1 6 219 224 198 991 992 990
0 1 6 195 229 197 994 985 993
0 1 6 231 196 197 986 996 995
0 1 6 206 199 168 979 998 997
0 1 6 219 221 224 1000 990 999
0 1 6 229 200 197 583 994 1001
0 1 6 198 230 200 1003 1004 1002
0 1 6 230 203 200 547 1003 1005
0 1 6 231 202 199 980 1006 984
0 1 6 140 204 163 1007 1008 894
0 1 6 193 205 162 906 891 900
0 1 6 167 205 166 902 913 910
0 1 6 199 206 166 911 904 997
0 1 6 169 206 168 998 1009 914
0 1 6 135 170 207 1010 803 915
0 1 6 136 207 170 1010 781 825
0 1 6 280 208 119 918 1012 1011
0 1 6 147 208 146 1013 1014 491
0 1 6 239 235 236 1016 1017 1015
0 1 6 209 177 233 498 857 1018
0 1 6 244 308 282 501 1020 1019
0 1 6 254 249 248 1022 1023 1021
0 1 6 212 211 190 971 1025 1024
0 1 6 194 211 191 1026 962 972
0 1 6 214 195 213 975 1027 976
0 1 6 211 212 191 966 1026 1024
0 1 6 212 16 213 1029 964 1028
0 1 6 219 198 218 988 1030 992
0 1 6 213 16 214 1031 1027 1029
0 1 6 217 214 16 1031 1033 1032
0 1 6 219 216 221 1035 999 1034
0 1 6 256 257 216 1037 1038 1036
0 1 6 214 217 218 1039 977 1032
0 1 6 217 255 218 1041 1039 1040
0 1 6 255 217 215 1042 1043 1040
0 1 6 255 219 218 1030 1041 1044
0 1 6 221 216 220 1045 1046 1035
0 1 6 257 258 216 1048 1037 1047
0 1 6 220 258 262 1050 1051 1049
0 1 6 201 224 227 1053 1054 1052
0 1 6 278 25 227 1056 1057 1055
0 1 6 221 220 222 1058 1059 1046
0 1 6 276 262 223 1061 1062 1060
0 1 6 263 268 223 1064 1065 1063
0 1 6 220 276 222 1067 1058 1066
0 1 6 278 221 222 1059 1069 1068
0 1 6 230 224 201 1052 1071 1070
0 1 6 263 265 268 1073 1063 1072
0 1 6 276 225 222 591 1067 1074
0 1 6 223 277 225 1076 1077 1075
0 1 6 277 228 225 577 1076 1078
0 1 6 278 227 224 1053 1079 1057
0 1 6 218 229 195 993 978 987
0 1 6 200 229 198 989 1004 1001
0 1 6 224 230 198 1002 991 1070
0 1 6 203 230 201 1071 1080 1005
0 1 6 196 231 199 1006 909 995
0 1 6 24 231 197 996 582 982
0 1 6 163 204 232 1081 875 1007
0 1 6 164 232 204 1081 836 897
0 1 6 234 233 181 943 1083 1082
0 1 6 119 279 237 504 1085 1084
0 1 6 239 234 180 1086 1087 939
0 1 6 247 234 181 1083 936 1088
0 1 6 239 240 242 1090 1091 1089
0 1 6 209 236 28 1093 1094 1092
0 1 6 236 209 307 856 1095 1092
0 1 6 146 280 238 853 1097 1096
0 1 6 209 28 237 1098 503 1094
0 1 6 237 28 238 1099 852 1098
0 1 6 239 242 235 1100 1015 1091
0 1 6 208 280 146 1096 1013 1011
0 1 6 239 180 240 1101 1089 1087
0 1 6 234 248 180 1103 1086 1102
0 1 6 243 246 32 1105 513 1104
0 1 6 240 281 243 1107 512 1106
0 1 6 240 32 242 1108 1090 514
0 1 6 314 313 250 1110 1111 1109
0 1 6 281 240 180 1101 1112 1106
0 1 6 249 250 241 1114 1115 1113
0 1 6 251 315 250 1117 1118 1116
0 1 6 309 311 245 1120 1121 1119
0 1 6 246 243 282 1122 500 1104
0 1 6 234 247 248 1123 1102 1088
0 1 6 247 183 210 1124 1125 948
0 1 6 241 248 249 1022 1115 944
0 1 6 254 247 210 1125 1127 1126
0 1 6 249 254 33 1128 1129 1021
0 1 6 251 253 315 1131 1116 1130
0 1 6 249 251 250 1118 1113 1132
0 1 6 363 283 37 1134 1135 1133
0 1 6 249 33 251 1136 1132 1129
0 1 6 252 315 253 1131 1138 1137
0 1 6 251 33 253 1139 1130 1136
0 1 6 247 254 248 1023 1123 1126
0 1 6 33 254 210 1127 1140 1128
0 1 6 256 255 215 1043 1142 1141
0 1 6 219 255 216 1143 1034 1044
0 1 6 220 216 258 1048 1049 1045
0 1 6 255 256 216 1038 1143 1141
0 1 6 256 17 257 1145 1036 1144
0 1 6 263 223 262 1061 1146 1065
0 1 6 257 17 258 1147 1047 1145
0 1 6 261 258 17 1147 1149 1148
0 1 6 263 260 265 1151 1072 1150
0 1 6 285 286 260 1153 1154 1152
0 1 6 258 261 262 1155 1050 1148
0 1 6 261 284 262 1157 1155 1156
0 1 6 284 261 259 1158 1159 1156
0 1 6 284 263 262 1146 1157 1160
0 1 6 265 260 264 1161 1162 1151
0 1 6 286 287 260 1164 1153 1163
0 1 6 264 287 296 1166 1167 1165
0 1 6 226 268 271 1169 1170 1168
0 1 6 304 26 271 1172 1173 1171
0 1 6 265 264 266 1174 1175 1162
0 1 6 303 296 267 1177 1178 1176
0 1 6 301 267 297 1180 1181 1179
0 1 6 264 303 266 1183 1174 1182
0 1 6 304 265 266 1175 1185 1184
0 1 6 277 268 226 1168 1187 1186
0 1 6 297 299 301 1189 1181 1188
0 1 6 303 269 266 611 1183 1190
0 1 6 272 275 26 1191 568 586
0 1 6 328 269 267 1193 1194 1192
0 1 6 336 343 335 1196 1197 1195
0 1 6 304 271 268 1169 1198 1173
0 1 6 269 305 272 1200 567 1199
0 1 6 329 331 273 1202 1203 1201
0 1 6 367 333 332 1205 1206 1204
0 1 6 357 358 274 1208 1209 1207
0 1 6 305 329 272 587 1200 1210
0 1 6 262 276 220 1066 1051 1060
0 1 6 225 276 223 1062 1077 1074
0 1 6 268 277 223 1075 1064 1186
0 1 6 228 277 226 1187 1211 1078
0 1 6 221 278 224 1079 1000 1068
0 1 6 25 278 222 1069 592 1055
0 1 6 178 279 119 1084 925 790
0 1 6 177 209 279 505 789 1018
0 1 6 119 237 280 854 1012 1085
0 1 6 248 281 180 1112 1103 946
0 1 6 241 243 281 1107 945 1212
0 1 6 313 282 243 1122 1214 1213
0 1 6 314 244 282 1020 1216 1215
0 1 6 310 317 316 1218 1219 1217
0 1 6 316 317 363 1220 1221 1218
0 1 6 285 284 259 1159 1223 1222
0 1 6 263 284 260 1224 1150 1160
0 1 6 264 260 287 1164 1165 1161
0 1 6 284 285 260 1154 1224 1222
0 1 6 285 18 286 1226 1152 1225
0 1 6 297 267 296 1177 1227 1180
0 1 6 286 18 287 1228 1163 1226
0 1 6 297 289 299 1230 1188 1229
0 1 6 290 293 288 1232 1233 1231
0 1 6 290 287 18 1228 1235 1234
0 1 6 318 321 289 1237 1238 1236
0 1 6 290 320 296 1240 1241 1239
0 1 6 318 324 19 1243 1244 1242
0 1 6 292 293 344 1246 1247 1245
0 1 6 292 326 327 1249 1250 1248
0 1 6 293 295 344 1252 1246 1251
0 1 6 293 292 288 1253 1232 1245
0 1 6 346 345 405 1255 1256 1254
0 1 6 290 18 293 1257 1231 1235
0 1 6 295 294 344 1259 1252 1258
0 1 6 293 18 295 1260 1251 1257
0 1 6 287 290 296 1241 1166 1234
0 1 6 320 290 288 1233 1261 1239
0 1 6 320 297 296 1227 1240 1262
0 1 6 289 298 299 1264 1230 1263
0 1 6 306 302 354 1266 1267 1265
0 1 6 321 322 289 1269 1237 1268
0 1 6 299 300 366 1271 1272 1270
0 1 6 270 328 366 1274 1275 1273
0 1 6 299 298 300 1276 1270 1264
0 1 6 305 330 329 1278 1210 1277
0 1 6 366 328 301 1279 1280 1274
0 1 6 302 366 27 1282 1283 1281
0 1 6 296 303 264 1182 1167 1176
0 1 6 269 303 267 1178 1193 1190
0 1 6 265 304 268 1198 1073 1184
0 1 6 26 304 266 1185 612 1171
0 1 6 328 270 305 1284 1285 1273
0 1 6 366 302 270 1286 1275 1281
0 1 6 302 306 270 1287 1286 1265
0 1 6 275 329 356 1288 1289 585
0 1 6 234 307 233 858 1082 938
0 1 6 239 236 307 1095 940 1017
0 1 6 309 308 244 1019 1291 1290
0 1 6 246 308 245 1292 1293 499
0 1 6 308 309 245 1121 1292 1290
0 1 6 315 363 314 1295 1296 1294
0 1 6 309 244 317 1297 1298 1291
0 1 6 309 36 311 1299 1119 521
0 1 6 317 312 309 519 1298 1300
0 1 6 243 241 313 1301 1214 1212
0 1 6 250 313 241 1301 1114 1110
0 1 6 313 314 282 1216 1213 1109
0 1 6 315 314 250 1111 1117 1296
0 1 6 363 37 316 1302 1221 1135
0 1 6 315 252 283 1303 1304 1137
0 1 6 317 310 312 1305 1300 1217
0 1 6 326 346 291 1307 561 1306
0 1 6 314 317 244 1297 1215 1308
0 1 6 320 318 289 1238 1310 1309
0 1 6 323 324 325 1312 1313 1311
0 1 6 424 364 380 1315 1316 1314
0 1 6 353 347 346 1318 1319 1317
0 1 6 318 320 288 1261 1320 1309
0 1 6 297 320 289 1310 1229 1262
0 1 6 318 19 321 1321 1236 1244
0 1 6 298 289 322 1269 1322 1263
0 1 6 321 19 322 1323 1268 1321
0 1 6 324 318 325 1324 1312 1242
0 1 6 384 385 406 1326 1327 1325
0 1 6 325 291 406 1328 1329 559
0 1 6 318 288 327 1330 1331 1320
0 1 6 292 327 288 1330 1253 1250
0 1 6 344 326 292 1248 1247 1332
0 1 6 326 325 327 1333 1249 560
0 1 6 318 327 325 1333 1324 1331
0 1 6 267 301 328 1279 1194 1179
0 1 6 269 328 305 1285 1199 1192
0 1 6 305 270 330 1334 1277 1284
0 1 6 356 329 273 1203 1335 1288
0 1 6 270 306 330 1336 1334 1287
0 1 6 331 330 306 1336 1338 1337
0 1 6 330 331 329 1201 1278 1337
0 1 6 331 335 333 1340 1341 1339
0 1 6 333 273 331 1202 1341 1342
0 1 6 332 337 339 1344 1345 1343
0 1 6 335 331 306 1338 1346 1339
0 1 6 337 332 333 1205 1347 1343
0 1 6 306 334 335 1349 1346 1348
0 1 6 354 355 306 1351 1267 1350
0 1 6 31 337 343 1353 1354 1352
0 1 6 343 337 333 1347 1355 1353
0 1 6 335 334 336 1356 1197 1349
0 1 6 359 361 30 1358 608 1357
0 1 6 340 370 339 1360 1361 1359
0 1 6 359 332 368 1363 1364 1362
0 1 6 340 342 370 1366 1359 1365
0 1 6 337 340 339 1361 1344 1367
0 1 6 372 371 435 1369 1370 1368
0 1 6 337 31 340 1371 1367 1352
0 1 6 341 370 342 1366 1373 1372
0 1 6 340 31 342 1374 1365 1371
0 1 6 335 343 333 1355 1340 1196
0 1 6 31 343 336 1195 1375 1354
0 1 6 344 294 319 1376 1377 1259
0 1 6 326 344 346 1378 1306 1332
0 1 6 350 380 347 557 1380 1379
0 1 6 353 344 319 1377 1382 1381
0 1 6 345 346 347 1318 556 1254
0 1 6 347 353 10 1383 1384 1317
0 1 6 350 394 349 1386 1387 1385
0 1 6 424 381 386 1389 1390 1388
0 1 6 350 352 394 1392 1385 1391
0 1 6 350 349 380 1393 1379 1387
0 1 6 395 388 407 1395 1396 1394
0 1 6 347 10 350 1397 1380 1384
0 1 6 351 394 352 1392 1399 1398
0 1 6 350 10 352 1400 1391 1397
0 1 6 344 353 346 1319 1378 1381
0 1 6 10 353 319 1382 1401 1383
0 1 6 302 27 354 1402 1266 1283
0 1 6 334 306 355 1351 1403 1348
0 1 6 354 27 355 1404 1350 1402
0 1 6 357 356 273 1335 1406 1405
0 1 6 275 356 274 1407 1408 1289
0 1 6 356 357 274 1209 1407 1405
0 1 6 359 357 367 1409 1410 610
0 1 6 357 30 358 1411 1207 609
0 1 6 368 332 339 1345 1412 1363
0 1 6 367 357 273 1406 1413 1409
0 1 6 361 359 368 1364 588 1357
0 1 6 414 415 436 1415 1416 1414
0 1 6 437 403 410 1418 1419 1417
0 1 6 379 373 372 1421 1422 1420
0 1 6 314 363 317 1220 1308 1295
0 1 6 283 363 315 1294 1304 1133
0 1 6 386 382 383 1424 1425 1423
0 1 6 364 345 380 555 1315 1426
0 1 6 391 425 408 571 1428 1427
0 1 6 401 396 395 1430 1431 1429
0 1 6 299 366 301 1280 1189 1272
0 1 6 27 366 300 1271 1432 1282
0 1 6 333 367 273 1413 1342 1204
0 1 6 332 359 367 1410 1206 1362
0 1 6 338 402 369 1434 1435 1433
0 1 6 369 402 368 589 1436 1434
0 1 6 368 339 369 1437 1436 1412
0 1 6 370 369 339 1437 1360 1438
0 1 6 369 372 338 1440 1435 1439
0 1 6 370 341 362 1441 1442 1372
0 1 6 369 370 372 1443 1439 1438
0 1 6 376 410 373 601 1445 1444
0 1 6 379 370 362 1442 1447 1446
0 1 6 371 372 373 1421 603 1368
0 1 6 373 379 35 1448 1449 1420
0 1 6 376 421 375 1451 1452 1450
0 1 6 437 411 416 1454 1455 1453
0 1 6 376 378 421 1457 1450 1456
0 1 6 376 375 410 1458 1444 1452
0 1 6 438 404 39 1460 1461 1459
0 1 6 373 35 376 1462 1445 1449
0 1 6 377 421 378 1457 1464 1463
0 1 6 376 35 378 1465 1456 1462
0 1 6 370 379 372 1422 1443 1446
0 1 6 35 379 362 1447 1466 1448
0 1 6 381 380 349 1393 1468 1467
0 1 6 291 405 384 564 1470 1469
0 1 6 386 381 348 1471 1472 1389
0 1 6 394 381 349 1468 1386 1473
0 1 6 386 387 389 1475 1476 1474
0 1 6 364 383 11 1478 1479 1477
0 1 6 383 364 424 1314 1480 1477
0 1 6 323 406 385 1326 1482 1481
0 1 6 364 11 384 1483 563 1479
0 1 6 384 11 385 1484 1325 1483
0 1 6 386 389 382 1485 1423 1476
0 1 6 325 406 323 1481 1313 1329
0 1 6 386 348 387 1486 1474 1472
0 1 6 381 395 348 1488 1471 1487
0 1 6 390 393 7 1490 550 1489
0 1 6 387 407 390 1492 552 1491
0 1 6 387 7 389 1493 1475 551
0 1 6 431 430 397 1495 1496 1494
0 1 6 407 387 348 1486 1497 1491
0 1 6 396 397 388 1499 1500 1498
0 1 6 398 432 397 1502 1503 1501
0 1 6 426 428 392 1505 1506 1504
0 1 6 393 390 408 1507 573 1489
0 1 6 381 394 395 1508 1487 1473
0 1 6 394 351 365 1509 1510 1398
0 1 6 388 395 396 1430 1500 1394
0 1 6 401 394 365 1510 1512 1511
0 1 6 396 401 6 1513 1514 1429
0 1 6 398 400 432 1516 1501 1515
0 1 6 396 398 397 1503 1498 1517
0 1 6 439 409 2 1519 1520 1518
0 1 6 396 6 398 1521 1517 1514
0 1 6 399 432 400 1516 1523 1522
0 1 6 398 6 400 1524 1515 1521
0 1 6 394 401 395 1431 1508 1511
0 1 6 6 401 365 1512 1525 1513
0 1 6 436 402 338 1433 1527 1526
0 1 6 361 402 360 1528 1529 590
0 1 6 416 412 413 1531 1532 1530
0 1 6 403 371 410 602 1418 1533
0 1 6 418 423 422 1535 1536 1534
0 1 6 422 423 438 1537 1538 1535
0 1 6 346 405 291 1469 1307 1256
0 1 6 345 364 405 562 1255 1426
0 1 6 291 384 406 1327 1328 1470
0 1 6 395 407 348 1497 1488 1396
0 1 6 388 390 407 1492 1395 1539
0 1 6 430 408 390 1507 1541 1540
0 1 6 431 391 408 1428 1543 1542
0 1 6 427 434 433 1545 1546 1544
0 1 6 433 434 439 1547 1548 1545
0 1 6 411 410 375 1458 1550 1549
0 1 6 338 435 414 595 1552 1551
0 1 6 416 411 374 1553 1554 1454
0 1 6 421 411 375 1550 1451 1555
0 1 6 416 417 419 1557 1558 1556
0 1 6 403 413 34 1560 1561 1559
0 1 6 413 403 437 1417 1562 1559
0 1 6 360 436 415 1415 1564 1563
0 1 6 403 34 414 1565 594 1561
0 1 6 414 34 415 1566 1414 1565
0 1 6 416 419 412 1567 1530 1558
0 1 6 402 436 360 1563 1528 1526
0 1 6 416 374 417 1568 1556 1554
0 1 6 421 438 411 1570 1555 1569
0 1 6 417 374 423 1571 1572 1568
0 1 6 417 38 419 1573 1557 598
0 1 6 423 420 417 599 1572 1574
0 1 6 438 39 422 1575 1538 1461
0 1 6 421 377 404 1576 1577 1463
0 1 6 423 418 420 1578 1574 1534
0 1 6 416 413 437 1562 1455 1532
0 1 6 411 423 374 1571 1553 1579
0 1 6 381 424 380 1316 1467 1388
0 1 6 386 383 424 1480 1390 1425
0 1 6 426 425 391 1427 1581 1580
0 1 6 393 425 392 1582 1583 572
0 1 6 425 426 392 1506 1582 1580
0 1 6 432 439 431 1585 1586 1584
0 1 6 426 391 434 1587 1588 1581
0 1 6 426 3 428 1589 1504 542
0 1 6 434 429 426 540 1588 1590
0 1 6 390 388 430 1591 1541 1539
0 1 6 397 430 388 1591 1499 1495
0 1 6 430 431 408 1543 1540 1494
0 1 6 432 431 397 1496 1502 1586
0 1 6 439 2 433 1592 1548 1520
0 1 6 432 399 409 1593 1594 1522
0 1 6 434 427 429 1595 1590 1544
0 1 6 411 437 410 1419 1549 1453
0 1 6 431 434 391 1587 1542 1596
0 1 6 372 435 338 1551 1440 1370
0 1 6 371 403 435 596 1369 1533
0 1 6 338 414 436 1416 1527 1552
0 1 6 411 438 423 1537 1579 1570
0 1 6 404 438 421 1569 1577 1459
0 1 6 431 439 434 1547 1596 1585
0 1 6 409 439 432 1584 1594 1518
#Material List - E/nu/rho
73119000 0.33 2794
#Constrained Dofs List - Node id / dof -1 if all dofs constrained on node
0 -1
2 -1
#Applied Point Loads List - Node id / dof / value
0 1 -100
1 1 -100
2 1 -100
3 1 -100
4 1 -100
#Applied Surface Forces List -  Element Id / Edge ID / Direction /value
1 0 1 -0.5
#Applied Body Forces List - Direction / value
1 9.8
#Thickness (Plane Stress) - value - if zero: Plane Strain 
3
